1	195
2	831
3	831
3	706
4	919
4	816
4	1004
5	919
5	816
5	1004
6	1031
6	1185
6	814
6	1630
7	919
8	1524
8	1662
8	1788
8	689
8	1878
8	966
9	868
9	867
9	1662
9	966
9	1026
9	539
9	507
9	169
9	129
9	849
9	1618
10	890
10	609
10	837
10	1392
10	1227
10	687
10	1727
10	1537
11	610
11	155
11	1861
11	1754
11	365
11	185
11	1812
12	691
12	1879
12	1043
12	44
12	344
12	1342
12	1564
12	906
13	39
13	535
13	1256
13	435
13	20
13	96
13	135
13	632
13	1470
13	1486
13	1487
13	1526
13	1527
13	1540
13	1625
13	1638
13	1687
13	1694
13	1717
13	1756
13	1762
14	511
14	414
14	940
14	1757
14	386
14	1105
15	1283
15	613
15	566
16	1298
16	918
16	642
16	92
16	859
16	1261
16	1549
16	1640
16	167
16	1770
16	1761
17	1662
17	1788
17	1606
17	1068
17	1707
18	503
18	839
19	1083
19	1680
20	1608
20	807
21	1847
21	406
21	1218
21	1648
21	191
21	922
21	1127
21	600
21	1265
21	1887
21	728
21	610
21	61
21	1543
21	169
21	969
21	1569
21	566
21	1815
21	1793
21	1017
21	178
21	391
21	1059
21	927
21	1276
21	64
21	1333
21	1396
21	1273
21	1018
21	951
21	1566
21	1279
21	1042
21	1320
21	1134
21	1336
21	145
21	1322
21	1431
21	1437
21	952
21	1012
21	953
21	1323
21	1394
21	1393
21	8
21	968
21	967
21	51
21	1483
21	16
21	40
21	1024
21	1292
21	1476
21	1535
21	1830
21	1888
22	1690
22	1023
22	868
22	674
22	867
22	1066
22	1392
22	526
22	1396
22	121
22	1320
22	698
22	1013
22	113
22	714
22	91
22	715
22	945
22	1369
22	1376
22	1484
22	1577
22	1609
22	1781
23	503
24	713
24	1805
25	1712
26	503
26	1287
26	1892
26	90
26	1789
26	1799
26	1683
26	1187
26	1581
26	1121
26	1764
26	1532
26	1510
26	1363
26	1239
26	105
26	1358
26	1251
26	1303
26	1120
26	14
26	1234
26	22
26	1427
26	78
26	148
26	1780
27	878
27	800
27	188
27	211
27	801
27	168
27	141
27	1837
27	1495
27	1832
27	1834
27	1868
28	542
28	946
28	572
29	709
29	1298
29	918
29	881
29	92
29	859
29	1261
29	1549
29	41
29	93
30	143
30	177
30	1593
30	1002
30	1675
30	1548
30	1631
30	149
30	132
30	1488
30	1561
30	1725
30	1771
30	314
30	941
31	601
31	1794
31	453
31	137
31	1795
31	339
31	119
31	722
31	1176
31	1196
32	26
33	1857
33	1862
33	86
34	1549
34	1574
34	1507
35	503
36	195
36	586
36	199
36	922
36	370
36	288
36	1671
36	277
36	578
36	1533
37	25
37	390
37	1324
37	1686
37	735
37	1211
38	284
38	1591
39	1315
39	846
40	823
41	523
41	991
42	453
42	299
43	292
44	1791
44	130
45	846
45	1280
45	726
45	1243
45	546
45	1444
45	1641
45	756
45	414
45	386
45	538
45	880
45	883
45	741
45	431
45	620
45	626
45	670
46	906
46	1696
46	776
46	1423
46	982
46	612
46	506
46	1804
46	829
46	858
46	820
46	1424
46	1278
47	652
47	496
48	560
48	1000
48	869
48	1014
48	845
48	1436
48	622
48	1001
48	778
48	36
48	1207
48	1536
48	623
48	1670
48	23
48	1839
49	414
50	655
50	772
51	560
51	1000
51	869
51	1014
51	845
51	1436
51	622
51	1001
51	778
51	36
51	1207
51	1536
51	623
51	1670
51	23
51	1839
52	659
53	726
53	1243
53	846
53	756
53	670
53	227
54	652
54	496
54	726
54	846
54	1549
54	822
54	743
54	937
54	777
54	938
54	884
54	1647
54	431
54	620
54	626
54	1276
54	1320
54	1333
54	1396
54	64
54	1566
54	91
55	414
55	386
56	1298
56	918
56	321
56	437
56	93
56	1261
56	1666
56	1175
56	504
57	1654
57	1872
58	1315
58	71
59	1524
59	1662
59	689
59	1878
59	651
59	1682
59	94
60	822
60	1293
60	955
60	789
60	460
60	683
60	788
60	1213
60	15
60	956
60	1338
60	1387
60	1384
60	1385
60	1129
60	1236
60	1371
60	1856
60	766
60	1306
60	1307
60	1732
60	17
60	1378
60	1341
60	138
60	1073
60	1730
60	1365
60	99
60	151
60	140
60	594
60	900
61	652
61	496
61	1696
61	399
62	138
62	624
62	1366
63	1315
63	147
63	1380
64	179
64	387
65	1280
65	62
65	1119
66	1837
67	1703
68	652
68	496
69	642
69	600
69	97
69	783
69	530
69	483
69	468
69	1015
69	335
70	880
70	883
70	741
71	206
72	141
72	656
73	1135
73	1355
74	846
74	882
75	429
75	830
75	773
75	774
76	431
76	620
76	626
76	414
76	386
76	538
76	1009
77	501
78	496
80	414
80	386
81	1310
81	1009
81	1388
82	292
84	726
85	658
85	284
85	1591
86	714
86	560
86	1000
86	869
86	1014
86	845
86	1436
86	622
86	1001
86	778
86	36
86	1207
86	1536
86	623
86	1670
86	23
86	1839
86	1287
86	1892
86	90
86	1789
86	1799
86	1683
86	1187
86	1581
86	1121
86	1764
86	1532
86	1510
86	1363
86	1239
86	105
86	1358
86	1251
86	1303
86	1120
86	14
86	1234
86	22
86	1427
86	78
86	148
86	1780
86	1225
86	50
86	1276
86	1320
86	1333
86	1396
86	64
86	1566
86	91
87	1121
88	560
88	1000
88	869
88	1014
88	845
88	1436
88	622
88	1001
88	778
88	36
88	1207
88	1536
88	623
88	1670
88	23
88	1839
89	1355
89	209
89	210
89	703
90	453
90	881
90	1777
90	53
91	726
92	1378
93	927
93	951
93	1322
93	1431
93	1437
93	952
93	1012
93	953
93	1323
93	560
93	1000
93	869
93	1014
93	845
93	1436
93	622
93	1001
93	778
93	36
93	1207
93	1536
93	623
93	1670
93	23
93	1839
93	1696
93	1423
93	858
93	982
93	820
93	1424
93	906
93	1804
93	612
93	1278
93	829
95	119
96	292
97	1322
97	952
97	982
97	906
97	560
97	1000
97	869
97	1014
97	845
97	1436
97	622
97	1001
97	778
97	36
97	1207
97	1536
97	623
97	1670
97	23
97	1839
98	189
98	724
98	452
98	841
98	1505
98	1297
98	1145
98	1741
98	1746
99	414
99	880
99	883
99	741
99	888
99	1885
99	1816
99	1647
99	1763
99	889
99	1381
99	1238
99	1850
99	1426
99	1294
99	110
99	1767
99	1529
99	1380
99	1844
99	1193
99	1010
99	1363
99	1239
99	105
99	1358
99	1251
99	1303
99	1120
99	14
100	709
100	918
100	453
100	881
100	53
100	327
100	42
101	496
101	882
101	726
101	1243
101	846
102	652
102	496
102	429
102	882
102	880
102	777
102	399
102	883
102	773
102	546
102	774
102	679
102	686
102	430
102	431
102	626
102	685
102	400
102	775
102	781
102	620
102	887
102	872
102	1064
102	1003
102	989
102	152
102	1580
102	1499
102	1
103	429
103	775
103	830
103	781
103	777
103	872
103	774
103	948
104	679
104	686
104	414
104	431
104	429
104	626
104	685
104	948
104	775
104	880
104	777
104	620
104	883
104	887
104	872
104	773
104	386
104	741
104	546
104	774
105	1315
105	1381
105	119
105	1647
105	560
105	1000
105	869
105	1014
105	845
105	1436
105	622
105	1001
105	778
105	36
105	1207
105	1536
105	623
105	1670
105	23
105	1839
105	888
105	1763
105	1850
105	1294
105	1363
105	1239
105	105
105	1358
105	1251
105	1303
105	1120
105	14
105	22
106	292
107	299
107	119
107	1175
107	504
107	278
107	467
107	1588
107	1416
107	162
108	119
108	68
108	1572
109	1378
110	181
111	414
111	386
112	1671
112	578
112	1302
113	685
113	887
113	546
113	880
113	883
113	741
113	431
113	620
113	626
114	278
115	1121
115	1363
115	148
115	1303
115	1358
115	1239
115	1764
116	209
116	210
116	703
116	560
116	1363
116	1239
116	105
116	1358
116	1251
116	1303
116	1120
116	14
116	382
116	1427
116	888
116	1885
116	1816
116	1647
116	1763
116	889
116	1381
116	1238
116	1850
116	1426
116	927
116	1322
116	1323
116	1431
116	1437
117	823
118	1315
118	501
118	268
118	265
119	822
119	138
119	789
119	1378
119	1293
119	788
119	1591
119	766
119	451
119	1668
119	1565
119	1404
119	1512
119	1877
120	195
121	485
121	484
121	512
122	652
122	1315
122	496
122	1381
122	399
122	1778
122	1821
122	640
123	1381
123	193
123	265
123	640
123	1885
123	1426
123	889
124	544
124	958
124	164
124	1141
125	882
126	77
126	466
126	545
126	307
127	726
127	1243
127	846
128	970
129	292
129	290
130	726
130	938
130	846
130	1276
130	1320
130	1333
130	1396
130	64
130	1566
130	91
130	1021
131	1060
131	631
132	620
132	560
132	1000
132	869
132	1014
132	845
132	1436
132	622
132	1001
132	778
132	36
132	1207
132	1536
132	623
132	1670
132	23
132	1839
133	1279
133	310
134	349
135	937
135	938
135	884
135	1899
136	1885
137	1885
137	875
138	880
138	883
138	741
140	201
141	278
141	349
142	1000
142	845
142	1014
142	869
142	1436
142	560
142	1322
142	952
142	982
142	906
142	622
142	1001
142	778
142	36
142	1207
142	1536
142	623
142	1670
142	23
142	1839
143	783
143	642
143	1015
144	1315
144	1363
144	1121
144	1388
144	5
144	1251
144	1704
144	1287
144	1858
144	1749
145	1716
146	209
146	1355
147	209
147	210
147	703
147	382
147	975
148	1000
148	845
148	1014
148	869
148	1436
148	560
148	1322
148	952
148	982
148	119
148	906
148	622
148	1001
148	778
148	36
148	1207
148	1536
148	623
148	1670
148	23
148	1839
148	1276
148	1320
148	1333
148	1396
148	64
148	1566
148	91
149	1298
149	1083
149	1248
149	918
149	984
149	1261
149	1591
149	888
149	1885
149	1816
149	1647
149	1763
149	889
149	1381
149	1238
149	1850
149	1426
149	1294
149	110
149	1767
149	1529
149	1827
150	429
150	948
150	775
150	830
150	781
150	872
150	773
150	774
151	709
151	881
151	1549
151	1405
152	193
153	937
153	938
153	884
154	431
154	948
154	773
154	774
155	738
155	431
155	429
155	937
155	882
155	775
155	726
155	880
155	777
155	883
155	938
155	872
155	773
155	741
155	846
155	884
155	774
155	1064
155	1711
155	1664
155	1311
155	80
155	304
155	79
155	1448
155	496
155	399
155	652
155	400
155	430
155	1315
155	1704
155	1749
156	310
157	687
158	292
159	585
160	937
160	938
160	884
161	709
161	1298
161	918
161	881
161	954
161	1267
161	548
161	1544
161	1883
162	677
162	1874
162	1432
163	652
163	496
163	399
164	937
164	884
164	982
164	612
164	906
164	858
164	1276
164	1320
164	1333
164	1396
164	64
164	1566
164	91
164	989
165	679
165	652
165	496
165	686
165	989
165	685
165	400
165	882
165	775
165	880
165	777
165	399
165	883
165	887
165	546
165	1064
165	414
165	386
165	538
165	560
165	1000
165	869
165	845
165	1536
165	623
165	1670
165	429
165	774
165	773
165	781
165	830
166	414
166	386
167	1186
167	957
168	656
168	898
169	496
169	399
169	652
169	400
169	430
170	882
171	652
171	1315
171	496
171	430
171	400
171	882
171	399
172	1363
172	1287
173	726
173	846
174	1315
174	880
174	883
174	741
175	78
176	560
176	1000
176	869
176	1014
176	845
176	1436
176	622
176	1001
176	778
176	36
176	1207
176	1536
176	623
176	1670
176	23
176	1839
177	709
177	206
177	1009
178	349
178	292
179	679
179	948
180	496
180	882
181	1314
182	506
182	318
183	788
184	800
184	365
184	185
184	611
185	381
186	679
186	652
186	496
186	1711
186	430
186	431
186	429
186	989
186	626
186	685
186	400
186	882
186	775
186	781
186	880
186	777
186	399
186	620
186	883
186	887
186	872
186	773
186	546
186	774
186	437
186	1064
186	1773
187	223
187	433
187	253
187	254
187	255
187	459
188	882
188	496
188	399
188	652
188	400
188	430
188	1398
189	278
189	467
189	349
189	299
189	292
189	621
190	1280
190	414
190	431
190	626
190	880
190	620
190	883
190	386
190	741
190	185
190	1119
190	538
191	431
191	882
191	775
191	777
191	938
191	880
191	883
191	741
192	1000
192	845
192	1014
192	869
192	1436
192	560
192	622
192	1001
192	778
192	36
192	1207
192	1536
192	623
192	1670
192	23
192	1839
193	546
194	414
194	386
195	1703
195	1261
195	973
196	652
196	496
196	430
196	400
196	399
197	989
198	349
199	1381
199	898
200	501
200	1259
201	209
201	1251
201	1363
201	1780
201	603
201	1234
201	1532
202	691
202	344
202	708
203	652
203	496
203	399
204	1076
204	915
204	1078
204	1077
205	501
206	652
206	496
206	400
206	399
207	880
207	883
207	741
208	367
209	312
210	210
210	887
210	546
210	382
211	496
211	399
211	1566
212	1251
212	1363
212	1303
212	1358
212	1239
212	898
212	404
212	14
212	105
212	1120
213	292
214	845
214	869
214	560
214	1001
214	623
215	278
215	467
215	316
215	349
215	938
215	404
215	299
215	1588
215	292
215	265
216	679
216	414
216	386
216	431
216	620
216	626
217	447
217	499
217	901
217	617
217	286
217	909
217	902
217	480
217	564
217	395
218	544
218	164
219	1651
220	1363
220	1121
220	1303
220	1358
220	1239
221	1000
221	845
221	869
221	560
221	1014
221	1436
221	622
221	1001
221	778
221	36
221	1207
221	1536
221	623
221	1670
221	23
221	1839
222	560
222	1000
222	869
222	1014
222	845
222	1436
222	622
222	1001
222	778
222	36
222	1207
222	1536
222	623
222	1670
222	23
222	1839
223	882
224	679
224	652
224	496
224	738
224	686
224	1711
224	414
224	430
224	431
224	429
224	989
224	626
224	685
224	400
224	882
224	775
224	781
224	726
224	880
224	777
224	399
224	620
224	883
224	887
224	1243
224	872
224	773
224	846
224	546
224	774
224	1064
224	1003
225	1664
225	685
225	775
225	887
225	546
226	652
226	496
226	400
226	691
226	399
226	1423
227	1298
227	783
227	918
227	642
227	1015
227	93
227	1261
228	431
228	429
228	685
228	887
228	546
229	1009
230	988
230	1435
230	1254
231	1423
232	988
233	1000
233	845
233	1014
233	869
233	1436
233	560
233	1322
233	952
233	982
233	906
233	1276
233	1320
233	1333
233	1396
233	64
233	1566
233	91
234	496
234	882
234	775
234	880
234	777
234	546
235	467
235	316
235	349
235	404
235	299
235	292
235	119
235	1287
235	1892
235	90
235	1789
235	1799
235	1683
235	1187
235	1581
235	1121
235	1764
235	1532
235	1510
235	1363
235	1239
235	105
235	1358
235	1251
235	1303
235	1120
235	14
235	1234
235	22
235	1427
235	78
235	148
235	1780
235	633
235	621
235	838
235	1718
236	429
236	726
236	1243
237	209
238	652
238	496
238	400
238	399
239	1000
239	869
239	560
239	623
240	882
241	493
241	95
242	875
243	1013
243	278
243	113
243	714
243	349
243	715
243	119
243	727
243	622
243	778
244	310
245	882
245	546
245	880
245	883
245	741
245	431
245	620
245	626
246	652
246	496
246	882
246	775
246	777
246	399
246	872
247	561
247	864
247	306
248	209
248	210
248	703
248	1314
248	1136
249	1005
250	284
251	310
251	724
251	810
252	292
253	501
254	501
255	401
256	656
256	477
257	431
257	691
257	880
257	386
257	344
258	880
258	546
259	485
259	484
259	317
259	361
260	1159
261	1276
261	64
261	1333
261	1396
261	726
261	938
261	1243
261	846
261	1320
261	884
261	708
261	496
261	399
261	652
261	400
261	430
262	1315
262	882
263	1315
263	431
263	880
263	620
263	883
263	741
264	652
264	1315
264	496
264	430
264	429
264	400
264	882
264	775
264	726
264	880
264	777
264	399
264	883
264	1243
264	872
264	741
264	846
264	546
264	1064
264	1778
264	1821
264	640
264	679
264	686
264	150
265	783
265	530
265	483
265	642
265	468
265	1015
265	440
266	709
266	881
267	652
267	496
267	399
268	1000
268	845
268	1014
268	869
268	1436
268	560
268	1322
268	952
268	982
268	906
268	622
268	1001
268	778
268	36
268	1207
268	1536
268	623
268	1670
268	23
268	1839
269	709
269	881
270	501
271	68
271	556
272	709
272	881
273	675
273	873
274	453
274	1860
275	1315
275	777
275	1423
275	846
275	829
275	858
275	1158
276	560
277	560
277	1000
277	869
277	1014
277	845
277	1436
277	622
277	1001
277	778
277	36
277	1207
277	1536
277	623
277	1670
277	23
277	1839
278	726
278	1243
278	846
279	679
279	652
279	1315
279	496
279	686
279	1711
279	429
279	685
279	882
279	775
279	880
279	777
279	883
279	887
279	872
279	546
279	1064
279	603
279	741
279	431
279	620
279	626
279	461
279	265
279	640
279	948
280	881
280	862
280	37
280	1646
281	278
281	1588
281	293
281	1067
282	881
282	210
282	382
282	67
283	496
283	430
283	691
283	399
283	1423
284	431
284	626
284	620
285	675
285	873
286	501
287	1315
287	414
287	386
288	429
288	685
288	887
288	546
288	880
288	883
288	741
289	77
289	466
289	1390
289	1575
290	523
291	268
291	988
291	1435
291	1752
291	1472
291	1562
291	1891
292	687
293	34
294	652
294	496
294	430
294	400
294	399
295	937
295	938
295	884
296	1671
297	467
297	119
297	898
298	709
298	881
299	738
300	679
300	652
300	1280
300	1664
300	431
300	429
300	626
300	1333
300	882
300	775
300	880
300	777
300	620
300	887
300	872
300	546
300	1064
300	1661
301	119
302	884
303	652
303	496
303	399
304	679
304	496
304	948
304	399
304	546
305	312
306	201
306	204
306	412
307	1664
307	937
307	726
307	938
307	1566
307	1423
307	846
307	884
307	982
307	612
307	906
307	829
307	858
307	11
307	311
307	527
307	549
307	648
307	1399
307	1188
307	569
308	216
308	271
308	10
308	796
309	652
309	496
309	399
310	1500
310	1202
311	523
312	414
312	386
313	783
313	530
313	483
313	642
313	468
313	1015
313	616
313	1407
313	1496
314	1136
315	1885
315	1381
315	461
316	1287
317	193
317	119
318	119
319	1381
319	119
320	881
320	575
321	327
322	315
322	1377
322	396
322	1209
323	1315
323	501
324	278
324	299
325	429
325	882
325	775
325	726
325	880
325	777
325	883
325	741
325	846
325	546
325	431
325	620
325	626
325	414
325	386
325	538
325	496
325	399
325	652
325	400
325	430
325	11
325	1664
326	381
326	1201
327	523
328	679
328	496
328	1711
328	431
328	429
328	989
328	685
328	948
328	882
328	775
328	726
328	880
328	777
328	887
328	1243
328	872
328	846
328	546
328	560
328	774
328	1064
328	1000
328	869
328	1014
328	845
328	1436
328	622
328	1001
328	778
328	36
328	1207
328	1536
328	623
328	1670
328	23
328	1839
328	883
328	741
328	620
328	626
328	399
328	652
328	400
328	430
329	310
330	691
330	268
330	344
331	560
331	1000
331	869
331	1014
331	845
331	1436
331	622
331	1001
331	778
331	36
331	1207
331	1536
331	623
331	1670
331	23
331	1839
332	292
333	554
333	838
333	1093
334	1860
335	367
336	929
337	207
338	709
338	881
339	822
339	414
339	431
339	989
339	882
339	775
339	880
339	938
339	951
339	546
339	788
339	560
339	1000
339	869
339	1014
339	845
339	1436
339	622
339	1001
339	778
339	36
339	1207
339	1536
339	623
339	1670
339	23
339	1839
339	679
339	686
339	888
339	1885
339	1816
339	1647
339	1763
339	889
339	1381
339	1238
339	1850
339	1426
339	256
339	1427
340	1315
340	882
341	1872
342	733
342	742
343	30
343	1735
344	209
344	210
344	1136
344	703
344	81
344	1459
344	1538
344	1835
344	382
344	876
344	1863
344	712
344	975
345	310
345	179
345	849
346	982
346	119
346	888
346	1885
346	1816
346	1647
346	1763
346	889
346	1381
346	1238
346	1850
346	1426
347	1423
348	1780
348	1363
348	882
348	78
348	546
348	148
348	1358
348	105
348	1239
348	679
348	686
348	496
348	399
348	652
348	400
348	430
349	200
349	212
350	381
350	335
350	1500
350	1819
350	1818
350	711
351	414
351	429
351	386
351	774
351	538
352	652
352	496
352	430
352	400
352	714
352	399
352	982
352	612
353	709
353	1298
353	918
353	881
354	948
354	775
354	777
354	846
355	431
355	626
355	880
355	620
355	883
355	741
356	1280
356	726
356	1243
356	846
357	881
357	210
357	382
358	327
358	1005
358	708
358	1545
358	139
358	723
358	1824
358	1065
358	974
358	87
358	1697
359	523
360	738
361	709
361	881
362	349
362	404
362	292
362	998
363	679
363	686
363	431
363	429
363	626
363	685
363	948
363	775
363	777
363	620
363	887
363	872
363	773
363	546
363	774
364	880
364	883
364	741
364	1315
364	1704
364	1749
365	290
365	292
365	376
365	518
365	426
365	445
366	778
367	78
368	1076
368	915
368	1078
368	1077
368	643
368	1208
368	1440
368	639
368	203
369	292
370	414
370	386
370	880
370	883
370	741
371	652
371	1000
371	845
371	1014
371	869
371	1436
371	560
371	1322
371	952
371	982
371	906
371	21
372	113
372	778
373	278
373	349
373	402
373	560
373	1000
373	869
373	1014
373	845
373	1436
373	622
373	1001
373	778
373	36
373	1207
373	1536
373	623
373	1670
373	23
373	1839
374	1315
374	989
374	775
374	1357
375	709
375	881
375	567
375	1261
375	1883
375	758
375	88
376	209
376	210
376	1538
376	1835
376	382
376	703
376	876
376	1863
376	712
376	975
376	1459
376	1128
376	1482
377	230
377	443
377	436
377	1688
377	1744
377	439
378	880
379	937
379	938
379	884
380	414
380	386
381	1062
382	392
382	553
383	523
383	409
384	1780
385	816
386	192
386	447
386	480
386	590
386	304
386	375
386	1304
386	497
387	292
388	467
389	652
389	496
389	430
389	400
389	461
389	1363
389	880
389	399
389	883
389	1121
389	741
389	1303
389	1239
389	1236
389	1129
390	679
390	467
390	461
390	775
390	777
390	546
391	278
391	467
391	404
393	216
393	555
394	1572
394	1408
394	931
394	1030
395	560
395	1000
395	869
395	1014
395	845
395	1436
395	622
395	1001
395	778
395	36
395	1207
395	1536
395	623
395	1670
395	23
395	1839
396	431
396	620
397	544
397	786
397	1339
397	717
397	923
398	724
398	452
399	431
400	292
401	1298
402	1315
402	882
402	477
402	150
403	822
403	789
403	460
403	788
404	658
404	284
404	1591
405	310
405	179
405	849
405	690
406	1500
406	1202
407	831
407	1633
408	1885
409	937
409	938
409	884
409	708
410	278
410	467
410	349
410	464
410	577
412	822
412	1293
412	788
412	766
412	1307
412	1306
413	1664
413	938
413	884
414	1363
414	1239
414	105
414	1358
414	1251
414	1303
414	1120
414	14
414	22
415	970
416	278
416	467
416	299
416	1588
416	506
417	431
417	429
417	882
417	775
417	880
417	777
417	846
418	1423
418	982
418	612
418	906
419	1315
419	1363
419	78
419	880
419	883
419	1388
419	741
419	846
419	148
419	1234
419	22
420	292
421	467
422	831
422	1633
423	414
423	431
423	880
423	620
423	883
423	386
423	230
423	741
424	429
424	830
424	773
424	774
425	496
426	1310
427	743
428	691
428	344
428	906
429	1315
429	278
429	467
429	299
429	1588
429	119
429	1175
429	986
429	1402
429	601
429	339
429	1277
429	1247
429	322
429	949
429	1266
429	1275
430	691
430	271
430	344
431	823
432	679
432	1315
432	775
432	880
432	883
432	546
433	1381
434	1671
434	119
435	560
435	1000
435	869
435	1014
435	845
435	1436
435	622
435	1001
435	778
435	36
435	1207
435	1536
435	623
435	1670
435	23
435	1839
436	501
437	433
437	416
437	332
438	404
438	292
439	516
439	664
439	1262
440	560
440	1000
440	869
440	1014
440	845
440	1436
440	622
440	1001
440	778
440	36
440	1207
440	1536
440	623
440	1670
440	23
440	1839
441	523
442	431
442	880
442	883
442	741
443	347
444	501
444	1259
445	210
445	1355
445	1729
446	431
446	429
446	626
446	948
446	775
446	830
446	880
446	777
446	883
446	773
446	741
446	546
446	774
446	679
446	686
447	880
447	883
447	741
447	431
447	620
447	626
447	1867
448	880
449	404
451	209
451	210
451	703
451	382
451	975
452	937
452	938
452	884
454	880
454	883
454	741
455	937
455	938
455	884
457	544
457	164
458	709
458	453
459	709
459	881
460	988
460	1435
461	679
461	686
461	431
461	429
461	626
461	685
461	948
461	775
461	777
461	620
461	887
461	773
461	546
461	774
462	948
462	882
462	775
462	726
462	846
462	546
462	880
462	883
462	741
462	431
462	620
462	626
462	414
462	386
462	538
462	679
462	686
462	496
462	399
462	652
462	400
462	430
462	429
462	774
462	773
462	781
462	830
462	777
462	989
462	152
462	1580
462	1499
462	1
462	1357
462	1064
462	872
463	1860
463	392
463	1750
463	1337
463	673
464	467
464	349
464	292
465	882
466	514
466	515
466	323
467	1885
467	989
467	1566
467	1243
467	998
467	1423
467	670
467	756
467	752
467	1314
467	1443
467	1890
467	1733
467	1518
467	68
467	1603
467	1708
467	1801
467	1514
467	1895
468	523
468	206
469	880
469	883
469	741
470	1768
470	1745
471	652
471	496
471	430
471	400
471	399
472	431
472	429
472	989
472	882
472	775
472	726
472	880
472	777
472	620
472	883
472	1243
472	773
472	846
472	546
472	414
472	386
472	538
472	679
472	686
472	496
472	399
472	652
472	400
472	430
473	585
474	989
474	399
474	1423
475	1310
475	918
476	1423
477	691
477	344
478	679
478	429
478	626
478	882
478	775
478	880
478	777
478	620
478	883
478	872
478	773
478	546
479	656
479	141
480	882
480	1398
481	31
482	1847
482	1381
483	290
483	292
484	453
485	883
485	1243
486	313
487	652
487	496
487	430
487	400
487	399
487	982
487	612
487	545
488	882
489	709
489	881
489	642
490	1381
491	738
491	431
491	882
491	775
491	880
491	872
492	756
492	670
493	1225
493	461
493	714
493	951
493	1311
493	560
493	982
493	612
493	1000
493	869
493	1014
493	845
493	1436
493	622
493	1001
493	778
493	36
493	1207
493	1536
493	623
493	1670
493	23
493	1839
493	809
494	1381
494	119
495	783
495	530
495	483
495	642
495	143
495	177
495	468
495	1015
495	104
495	1496
495	264
495	1052
495	1555
495	70
495	1450
495	833
495	1765
495	1742
496	989
497	1703
498	1837
498	294
499	1135
499	1355
499	1710
499	1813
499	1889
499	1846
500	1610
500	500
501	367
502	349
502	292
503	365
504	652
504	496
504	430
504	400
504	882
504	399
505	292
506	875
506	1883
506	972
507	496
508	344
509	501
509	1259
510	209
510	210
510	1355
510	703
510	1314
510	312
510	81
510	1459
510	975
511	411
511	317
512	888
512	1885
512	1816
512	1647
512	1763
512	889
512	1381
512	1238
512	1850
512	1426
512	1294
512	110
512	1767
512	1529
513	882
513	775
513	880
513	777
513	546
513	496
513	399
513	652
513	400
513	430
514	402
515	1218
515	728
515	1569
515	756
515	670
515	1463
516	496
517	278
517	1588
517	982
517	119
517	1655
517	208
517	1379
518	709
518	881
519	709
519	881
520	1099
521	523
521	1482
522	882
523	1000
523	845
523	1014
523	869
523	1436
523	560
523	1322
523	952
523	982
523	906
523	622
523	1001
523	778
523	36
523	1207
523	1536
523	623
523	1670
523	23
523	1839
524	709
524	1847
524	918
524	453
524	881
524	42
524	53
524	736
524	734
524	287
525	823
526	738
526	431
526	626
526	882
526	880
526	620
527	179
527	1224
528	783
528	530
528	483
528	468
529	679
529	686
529	431
529	626
529	880
529	620
529	883
529	741
530	560
530	1000
530	869
530	1014
530	845
530	1436
530	622
530	1001
530	778
530	36
530	1207
530	1536
530	623
530	1670
530	23
530	1839
531	884
532	496
532	399
533	679
533	496
533	948
533	691
533	775
533	777
533	846
533	546
533	670
534	822
534	788
534	676
535	1885
536	1136
537	652
537	496
537	400
537	399
538	496
539	516
539	664
540	709
540	881
540	1449
541	937
541	938
541	884
541	402
542	709
542	881
543	386
544	1647
544	889
544	778
544	1001
544	560
544	1000
544	869
544	1014
544	845
544	1436
544	622
544	36
544	1207
544	1536
544	623
544	1670
544	23
544	1839
545	209
545	210
545	703
545	81
545	382
545	975
545	805
545	1835
546	138
546	1730
547	709
547	881
548	315
548	435
549	278
549	349
550	938
550	1363
550	1239
550	105
550	1358
550	1251
550	1303
550	1120
550	14
550	22
550	125
550	1508
550	1550
551	560
551	1000
551	869
551	1014
551	845
551	1436
551	622
551	1001
551	778
551	36
551	1207
551	1536
551	623
551	1670
551	23
551	1839
552	726
552	1243
553	461
553	880
553	1773
553	546
553	1195
553	754
554	349
554	292
554	119
554	372
555	652
555	496
555	430
555	400
555	882
555	399
556	22
556	461
556	937
556	938
556	884
556	1398
556	226
557	1791
557	560
558	292
559	1310
559	1388
560	278
560	414
560	386
560	880
560	883
560	741
561	560
561	1000
561	869
561	1014
561	845
561	1436
561	622
561	1001
561	778
561	36
561	1207
561	1536
561	623
561	1670
561	23
561	1839
562	801
562	691
562	775
562	344
562	1276
562	1320
562	1333
562	1396
562	64
562	1566
562	91
562	232
562	1233
562	647
562	1223
563	937
563	938
563	884
564	918
564	688
565	292
566	1160
566	1032
567	858
567	479
568	1000
568	845
568	1014
568	869
568	1436
568	560
568	1322
568	952
568	982
568	119
568	906
569	679
569	461
569	546
570	1099
570	1374
571	414
571	431
571	726
571	880
571	1243
571	386
571	230
571	846
571	1154
571	647
571	159
571	627
571	573
571	628
571	629
571	1864
571	630
571	605
571	1582
571	220
571	335
572	937
572	938
572	884
573	537
574	1382
575	292
576	709
576	881
577	138
577	624
577	1366
578	738
578	691
579	1186
580	1280
580	431
580	880
580	1243
581	414
581	429
581	386
581	538
582	386
583	209
583	210
583	703
583	382
584	709
584	881
585	414
585	386
585	538
586	919
586	816
587	679
587	496
587	775
587	880
587	546
588	823
589	1186
589	433
589	957
591	209
591	210
591	1136
592	523
593	278
593	299
594	585
595	544
596	523
596	409
597	1710
597	1135
597	1355
597	1846
597	529
598	989
599	278
599	299
600	1885
601	506
602	292
603	560
603	1000
603	869
603	1014
603	845
603	1436
603	622
603	1001
603	778
603	36
603	1207
603	1536
603	623
603	1670
603	23
603	1839
604	1251
604	989
604	1000
604	1696
604	1363
604	714
604	845
604	1014
604	869
604	951
604	1566
604	1287
604	1423
604	715
604	1436
604	560
604	952
604	1012
604	953
604	982
604	612
604	1021
604	1666
604	906
604	1804
604	622
604	778
604	1001
604	1358
604	1239
604	829
604	858
604	820
604	1424
604	1278
604	1011
604	635
604	1019
604	1536
604	1670
604	1207
604	23
604	1839
604	36
604	1383
604	1892
604	1595
604	854
604	152
604	1580
604	1499
604	1
605	937
605	938
605	884
606	189
607	386
608	882
609	1355
609	312
609	437
609	1820
610	1357
610	429
610	989
610	884
610	774
611	875
611	970
611	971
612	819
613	496
613	1664
613	726
613	399
613	1243
613	846
613	708
613	888
613	1885
613	1816
613	1647
613	1763
613	889
613	1381
613	1238
613	1850
613	1426
613	1294
613	110
613	1767
613	1529
614	1315
614	5
614	1381
614	880
614	883
614	1858
614	741
615	1780
615	888
615	1381
615	209
615	210
615	78
615	703
615	148
615	1426
615	81
615	1647
615	1763
615	889
615	756
615	670
615	1459
615	382
615	975
615	1835
615	1294
615	1816
615	876
615	1863
615	712
615	877
615	1751
615	120
615	1538
615	110
615	1767
615	1529
616	503
617	1310
617	918
618	884
619	1325
619	1425
620	1566
620	546
620	982
620	906
620	858
621	875
621	972
621	971
621	1883
621	886
622	773
622	774
623	882
623	1099
624	937
624	938
624	884
624	939
625	1378
625	1388
625	1195
625	1425
626	948
626	775
626	726
626	777
626	872
626	846
626	1064
626	7
626	1284
627	431
627	626
627	461
627	880
627	620
627	883
627	386
627	741
628	783
628	530
628	483
628	642
628	468
628	1015
629	738
630	752
631	875
631	972
631	971
631	886
633	775
633	546
634	652
634	496
634	430
634	400
634	882
634	775
634	726
634	777
634	399
634	872
634	546
634	880
634	883
634	741
634	431
634	620
634	626
635	431
635	626
635	880
635	620
635	883
635	741
636	709
636	1269
636	881
637	726
637	1243
638	414
638	386
638	538
639	709
639	453
639	881
639	80
639	79
640	652
640	496
640	738
640	430
640	400
640	399
641	344
642	496
644	691
644	344
645	709
645	1269
645	881
645	742
645	488
645	42
645	958
645	1325
645	1125
645	1874
645	85
645	1124
645	1803
645	1802
645	1223
645	512
645	799
645	731
645	305
645	751
645	221
645	1090
645	780
645	1567
645	758
645	836
645	1451
645	1329
646	1671
647	278
648	1333
648	1320
649	882
650	420
650	328
650	475
650	863
651	429
651	830
651	773
651	774
652	830
652	773
652	774
653	1664
653	937
653	884
654	278
654	467
654	349
655	290
655	292
656	414
656	429
656	386
656	774
656	538
657	1885
658	560
659	709
659	881
660	431
660	880
660	620
661	823
661	918
662	882
663	431
663	659
664	989
665	501
665	1259
666	738
666	882
666	1465
666	287
667	895
667	1809
667	568
668	138
668	265
668	766
668	207
668	1856
668	1117
669	278
669	119
670	501
671	496
672	1034
672	1007
673	691
673	982
673	612
674	530
674	468
675	414
675	386
675	538
676	467
677	882
678	652
678	496
678	399
679	358
680	679
680	1280
680	435
680	686
680	429
680	989
680	685
680	726
680	887
680	1243
680	872
680	846
680	546
680	152
680	186
681	691
681	344
682	506
683	709
683	881
684	1188
685	42
685	808
686	822
686	1121
686	1764
686	79
686	1234
686	1743
687	501
687	1397
688	773
688	774
689	1136
689	1314
690	414
690	386
690	538
691	1885
692	724
693	506
694	1462
695	709
695	881
695	739
696	691
696	344
697	577
698	940
699	290
699	404
699	292
700	709
700	918
700	453
700	881
701	157
701	1065
701	102
701	154
701	529
701	1310
701	1388
701	1425
701	1570
702	878
702	557
702	579
702	453
702	799
702	232
702	958
702	1226
702	780
702	1116
702	1421
702	1115
702	56
702	1441
702	1567
702	758
702	836
702	1451
702	1329
702	986
702	987
703	431
703	620
704	652
704	496
704	400
704	399
705	864
706	209
706	210
706	1136
706	703
706	312
707	922
707	277
708	461
708	1363
708	404
708	1121
708	148
708	1195
708	1303
708	1358
708	1239
708	1764
708	1236
708	1129
708	247
709	516
709	664
710	1315
710	467
710	316
710	119
710	1398
710	421
711	1225
711	714
711	279
711	951
711	1311
711	560
711	1000
711	869
711	1014
711	845
711	1436
711	622
711	1001
711	778
711	36
711	1207
711	1536
711	623
711	1670
711	23
711	1839
712	823
712	335
713	1610
713	500
714	1752
714	1472
714	1562
714	1639
714	1772
715	1283
715	190
715	664
715	516
716	1035
717	1315
717	1381
717	752
718	652
718	496
718	430
718	400
718	399
719	756
719	670
720	679
720	686
720	546
721	1298
721	119
721	1734
722	881
722	230
722	682
722	647
722	1646
722	265
722	640
723	989
723	1276
723	546
723	560
723	1000
723	869
723	1014
723	845
723	1436
723	622
723	1001
723	778
723	36
723	1207
723	1536
723	623
723	1670
723	23
723	1839
723	1320
723	1333
723	1396
723	64
723	1566
723	91
723	714
723	715
723	113
723	1013
724	119
725	1088
726	292
726	1669
727	242
728	709
728	1298
728	918
728	881
728	369
728	529
728	470
728	379
728	513
728	835
729	988
729	1435
729	1562
730	1363
730	1121
730	148
730	1303
730	1358
730	1239
730	1764
731	1381
732	344
733	501
734	652
734	496
734	399
735	467
735	546
736	414
736	386
736	538
736	186
736	780
736	769
736	19
736	1584
737	278
737	586
737	1034
737	461
737	1007
737	327
737	765
737	990
737	1590
737	508
738	1310
738	918
739	119
739	560
739	1000
739	869
739	1014
739	845
739	1436
739	622
739	1001
739	778
739	36
739	1207
739	1536
739	623
739	1670
739	23
739	1839
740	652
740	496
740	738
740	430
740	400
740	461
740	882
740	399
740	546
740	880
740	883
740	741
740	431
740	620
740	626
740	888
740	1885
740	1816
740	1647
740	1763
740	889
740	1381
740	1238
740	1850
740	1426
741	503
742	882
744	724
744	452
744	763
745	1315
745	723
745	1065
746	882
746	399
747	284
747	1591
747	898
747	1398
747	761
748	514
748	515
748	323
748	1339
748	923
749	312
750	1357
750	948
750	775
750	777
751	1218
752	937
752	884
753	1837
754	1035
754	589
754	364
755	882
756	652
756	496
756	400
756	399
757	1885
758	586
758	425
759	875
759	973
759	1293
759	204
759	766
759	1307
759	1306
759	1883
760	1280
761	1696
761	829
761	858
762	312
762	1072
762	531
763	895
763	299
763	1139
763	131
764	284
764	1591
765	898
765	1246
765	1375
766	658
766	284
767	752
768	1315
768	461
768	887
768	546
769	310
770	414
770	386
770	538
771	998
771	103
771	1400
772	726
772	1243
772	846
772	11
772	1664
772	1506
773	726
773	1243
773	846
774	882
774	160
775	560
775	1000
775	869
775	1014
775	845
775	1436
775	622
775	1001
775	778
775	36
775	1207
775	1536
775	623
775	1670
775	23
775	1839
776	540
776	753
776	278
776	1588
777	878
777	800
777	119
777	1314
777	1443
777	1890
777	1733
777	1518
777	68
777	1603
777	1708
777	1801
777	1380
777	1844
777	1193
777	1010
777	1363
777	1239
777	105
777	1358
777	1251
777	1303
777	1120
777	14
778	1293
778	1856
779	882
779	726
779	1243
779	846
780	461
780	1363
780	119
780	1303
780	1358
780	1239
780	1821
780	78
780	148
780	1780
781	1696
782	1246
783	1780
783	1298
783	918
783	414
783	386
783	538
783	1315
783	1704
783	1749
783	1363
783	1239
783	105
783	1358
783	1251
783	1303
783	1120
783	14
783	484
783	485
783	1520
784	209
784	210
784	1314
784	1388
784	312
785	579
785	1310
786	888
787	691
788	1310
788	1009
789	621
789	838
790	119
791	467
792	656
793	292
794	179
795	918
795	756
796	717
796	1272
796	794
796	1605
796	1875
796	1346
796	1724
796	760
796	1650
796	923
796	666
796	571
796	667
796	1552
796	1880
796	1162
796	1546
796	58
796	905
796	1613
796	1557
796	1464
796	115
796	161
796	1629
796	1814
796	1428
797	404
798	399
798	1423
799	1315
799	579
799	414
799	153
799	431
799	626
799	880
799	620
799	883
799	386
799	741
799	635
799	598
799	595
799	602
799	1452
799	1010
799	1193
800	865
800	119
800	1598
800	1645
801	652
801	1315
801	496
801	738
801	1711
801	430
801	429
801	948
801	400
801	882
801	775
801	726
801	880
801	777
801	399
801	883
801	741
801	846
801	1064
802	479
803	209
803	210
803	703
803	382
803	975
804	882
804	1243
805	496
805	399
806	1315
806	431
806	429
806	775
806	726
806	880
806	777
806	883
806	1243
806	846
807	652
807	496
807	414
807	430
807	429
807	400
807	882
807	775
807	726
807	777
807	399
807	386
807	846
807	546
807	603
807	880
807	883
807	741
807	431
807	620
807	626
808	1388
808	560
808	1425
809	989
809	726
809	1243
809	858
810	179
811	312
812	68
812	714
812	279
812	91
812	1314
812	1566
812	1320
812	560
812	1021
812	1011
812	30
812	1735
812	1000
812	869
812	1014
812	845
812	1436
812	622
812	1001
812	778
812	36
812	1207
812	1536
812	623
812	1670
812	23
812	1839
812	1497
812	1152
812	398
812	650
812	1242
812	1455
812	721
813	973
813	970
814	1885
814	1243
815	1315
815	1704
815	880
815	883
815	1749
815	741
815	224
816	1657
817	501
818	1378
819	1462
820	670
820	756
821	847
821	780
821	731
821	335
821	758
821	42
821	1466
821	1350
821	802
821	924
822	726
823	756
823	670
824	1885
824	1276
824	64
824	882
824	726
824	91
824	1566
825	560
825	1322
825	952
825	982
825	119
825	906
825	1276
825	1320
825	1333
825	1396
825	64
825	1566
825	91
826	496
826	429
826	882
826	775
826	726
826	777
826	1243
826	846
826	546
826	880
826	883
826	741
826	431
826	620
826	626
827	882
827	1055
828	501
829	821
830	523
831	119
832	1315
832	414
832	1381
832	386
833	278
833	937
833	938
833	884
833	588
833	7
833	708
834	887
834	546
835	278
835	1217
835	467
835	292
836	679
836	686
836	429
836	685
836	948
836	775
836	880
836	777
836	883
836	887
836	773
836	741
836	546
836	774
836	431
836	620
836	626
837	312
838	714
838	809
838	279
838	951
838	1311
838	560
838	1000
838	869
838	1014
838	845
838	1436
838	622
838	1001
838	778
838	36
838	1207
838	1536
838	623
838	1670
838	23
838	1839
838	1225
838	112
838	650
838	1242
838	1455
838	721
838	50
838	597
839	777
839	846
840	937
840	884
841	414
841	386
842	209
842	210
842	703
842	382
842	876
843	1315
843	1381
843	889
843	1589
844	278
844	1588
844	490
844	1214
845	557
845	523
845	407
845	991
845	456
846	1000
846	845
846	869
846	821
846	560
847	989
847	691
847	1423
847	906
848	679
848	686
848	431
848	429
848	626
848	685
848	948
848	775
848	880
848	777
848	620
848	883
848	887
848	872
848	773
848	741
848	546
848	774
849	1234
849	1503
850	414
850	386
851	501
852	845
852	560
852	623
852	1000
852	869
852	1014
852	1436
852	622
852	1001
852	778
852	36
852	1207
852	1536
852	1670
852	23
852	1839
853	1700
854	734
854	680
855	501
856	938
856	884
857	414
857	386
858	1315
858	1896
858	1736
859	1752
859	988
859	1472
859	1562
860	373
860	174
860	175
860	285
861	414
861	386
862	560
862	1000
862	869
862	1014
862	845
862	1436
862	622
862	1001
862	778
862	36
862	1207
862	1536
862	623
862	1670
862	23
862	1839
863	621
863	838
863	1093
864	506
865	1315
866	683
867	119
868	801
868	989
868	743
868	937
868	726
868	938
868	1566
868	546
868	884
868	344
868	496
868	399
868	652
868	400
868	430
868	429
868	774
868	773
868	781
868	830
868	775
868	948
868	777
869	290
869	292
870	822
870	460
870	1378
870	1591
871	679
871	652
871	496
871	686
871	430
871	431
871	429
871	989
871	626
871	685
871	400
871	882
871	775
871	781
871	777
871	399
871	620
871	887
871	872
871	773
871	546
871	774
871	1064
871	880
871	883
871	741
872	652
872	399
872	1423
872	344
873	884
873	829
873	858
874	1381
875	1716
875	470
875	119
875	490
875	477
875	767
876	652
876	496
876	399
878	1357
878	496
878	989
878	546
879	878
879	290
879	292
879	119
879	1092
880	679
880	686
880	685
880	887
880	546
881	1225
881	714
881	279
881	951
881	560
881	1000
881	869
881	1014
881	845
881	1436
881	622
881	1001
881	778
881	36
881	1207
881	1536
881	623
881	1670
881	23
881	1839
881	1620
882	679
882	652
882	496
882	738
882	686
882	1711
882	414
882	430
882	431
882	429
882	989
882	626
882	685
882	948
882	400
882	937
882	882
882	775
882	781
882	880
882	777
882	399
882	620
882	883
882	887
882	938
882	1243
882	872
882	773
882	386
882	846
882	546
882	884
882	774
882	1064
882	1881
882	1003
882	1276
882	1320
882	1333
882	1396
882	64
882	1566
882	91
883	679
883	652
883	496
883	430
883	400
883	882
883	775
883	399
883	887
883	546
883	429
883	774
883	773
883	781
883	830
883	948
883	777
883	989
883	152
883	1580
883	1499
883	1
883	1357
883	1064
883	872
884	1703
884	1449
884	973
885	1298
885	1896
885	1562
885	1736
885	146
886	948
886	775
886	726
886	777
886	846
886	437
887	1315
887	22
887	461
887	312
887	148
887	1195
887	1764
887	1236
887	1129
887	1087
888	691
888	1423
888	982
888	612
889	882
890	756
890	670
891	1716
891	470
891	119
891	490
891	477
891	767
892	231
892	1081
893	1310
893	1425
894	1310
894	918
895	880
896	192
896	447
896	1283
896	962
896	480
896	497
896	524
896	343
896	393
896	790
896	342
896	1085
896	1441
896	1282
896	944
896	1131
896	491
896	394
896	963
896	449
896	1130
896	1769
896	1585
897	1641
898	303
898	193
899	292
900	761
901	752
903	679
903	431
903	429
903	626
903	685
903	882
903	775
903	880
903	777
903	620
903	883
903	887
903	872
903	773
903	546
904	901
904	617
904	909
904	447
904	902
904	480
904	590
904	375
905	982
905	612
905	906
905	858
905	1424
906	386
907	535
907	1463
907	1452
908	832
908	107
908	108
908	109
909	452
910	824
911	709
911	881
912	1240
913	414
913	386
913	538
914	1425
915	414
915	386
916	414
916	880
916	386
917	557
917	230
917	231
917	1233
918	414
919	822
919	1378
919	788
919	766
919	1591
921	1381
922	1136
923	209
923	1135
923	210
923	1136
923	1355
924	1154
924	755
924	936
925	399
925	1423
926	652
926	399
926	1423
927	652
927	399
927	1423
928	1423
929	523
930	823
931	312
932	823
933	523
934	823
934	1061
935	1000
935	845
935	1014
935	869
935	1436
935	560
935	1322
935	952
935	982
935	906
936	1000
936	845
936	1014
936	869
936	1436
936	560
936	1322
936	952
936	982
936	906
937	1000
937	845
937	1014
937	869
937	1436
937	560
937	1322
937	952
937	982
937	906
938	1000
938	845
938	1014
938	869
938	1436
938	560
938	1322
938	952
938	982
938	906
939	1000
939	845
939	1014
939	869
939	1436
939	560
939	1322
939	952
939	982
939	906
940	953
940	33
940	1054
940	787
941	278
942	414
942	429
942	386
942	774
943	414
943	726
943	880
943	386
944	414
944	386
944	538
944	880
944	883
944	741
944	431
944	620
944	626
945	386
946	470
946	756
947	271
947	312
947	313
947	363
948	1225
948	643
948	461
948	1363
948	1657
948	1195
948	298
948	247
948	785
948	1048
948	661
948	187
948	331
948	1237
948	114
948	410
948	1559
948	319
948	352
948	520
949	312
950	292
951	1310
951	1009
952	292
953	1780
953	1251
953	1363
953	78
953	148
953	1303
953	1358
953	14
953	105
953	1120
953	1239
954	431
954	429
954	626
954	948
954	775
954	777
954	620
954	887
954	773
954	546
954	774
954	1009
954	1212
954	1388
954	1380
954	1844
954	1663
954	1425
955	1298
955	783
955	918
955	642
955	1015
955	119
955	1261
956	381
957	467
957	349
957	404
957	292
958	312
959	709
959	881
960	709
960	881
961	691
962	709
962	881
963	679
963	652
963	496
963	686
963	430
963	431
963	626
963	685
963	400
963	882
963	775
963	880
963	777
963	399
963	620
963	883
963	887
963	741
963	546
964	278
964	467
964	831
964	1633
964	349
964	528
965	414
965	386
965	230
965	538
965	225
966	386
967	652
967	496
967	430
967	400
967	399
968	292
969	230
969	1860
969	647
969	521
969	1257
969	320
970	822
970	1293
970	788
971	1671
972	709
972	881
973	467
974	1068
975	546
976	1381
977	1378
977	230
977	1341
977	766
977	1293
977	1306
977	1307
978	278
978	467
978	349
978	1588
979	1381
979	461
980	278
980	349
981	884
982	709
982	881
983	642
983	503
983	66
984	560
984	1000
984	869
984	1014
984	845
984	1436
984	622
984	1001
984	778
984	36
984	1207
984	1536
984	623
984	1670
984	23
984	1839
985	888
986	622
986	1719
987	1280
987	775
987	726
987	1243
987	846
987	756
987	670
987	1119
988	937
988	938
988	884
988	708
989	1280
989	948
989	775
989	726
989	777
989	1243
989	846
990	1243
991	884
992	1280
992	431
992	880
992	1243
992	846
992	756
992	670
993	467
994	1000
994	845
994	1014
994	869
994	1436
994	560
994	1322
994	952
994	982
994	906
995	1664
995	775
995	1064
996	560
996	1000
996	869
996	1014
996	845
996	1436
996	622
996	1001
996	778
996	36
996	1207
996	1536
996	623
996	1670
996	23
996	1839
997	1000
997	845
997	1014
997	869
997	1436
997	560
997	1322
997	952
997	982
997	906
998	937
998	938
998	884
998	226
998	939
998	106
999	560
999	1000
999	869
999	1014
999	845
999	1436
999	622
999	1001
999	778
999	36
999	1207
999	1536
999	623
999	1670
999	23
999	1839
1000	64
1000	1333
1000	1396
1000	91
1000	1566
1000	1320
1001	937
1001	938
1001	884
1002	540
1002	541
1002	954
1003	775
1003	777
1004	467
1005	560
1005	1000
1005	869
1005	1014
1005	845
1005	1436
1005	622
1005	1001
1005	778
1005	36
1005	1207
1005	1536
1005	623
1005	1670
1005	23
1005	1839
1006	560
1006	1000
1006	869
1006	1014
1006	845
1006	1436
1006	622
1006	1001
1006	778
1006	36
1006	1207
1006	1536
1006	623
1006	1670
1006	23
1006	1839
1007	937
1007	938
1007	884
1007	106
1008	560
1008	1000
1008	869
1008	1014
1008	845
1008	1436
1008	622
1008	1001
1008	778
1008	36
1008	1207
1008	1536
1008	623
1008	1670
1008	23
1008	1839
1009	560
1009	1000
1009	869
1009	1014
1009	845
1009	1436
1009	622
1009	1001
1009	778
1009	36
1009	1207
1009	1536
1009	623
1009	1670
1009	23
1009	1839
1010	560
1010	1000
1010	869
1010	1014
1010	845
1010	1436
1010	622
1010	1001
1010	778
1010	36
1010	1207
1010	1536
1010	623
1010	1670
1010	23
1010	1839
1011	467
1012	937
1012	938
1012	884
1012	226
1012	106
1013	727
1013	1000
1013	845
1013	869
1013	560
1013	622
1013	778
1013	1001
1013	623
1013	1536
1013	1670
1013	1207
1013	23
1013	36
1013	779
1013	2
1014	1217
1015	1280
1015	726
1015	883
1015	1243
1015	1641
1015	880
1015	741
1015	431
1015	620
1015	626
1016	1280
1016	431
1016	626
1016	726
1016	620
1016	1243
1016	846
1016	1641
1016	756
1016	670
1016	1119
1017	726
1017	880
1017	883
1018	414
1018	386
1018	538
1019	485
1019	484
1020	1107
1020	1640
1021	560
1021	1000
1021	869
1021	1014
1021	845
1021	1436
1021	622
1021	1001
1021	778
1021	36
1021	1207
1021	1536
1021	623
1021	1670
1021	23
1021	1839
1022	560
1022	1000
1022	869
1022	1014
1022	845
1022	1436
1022	622
1022	1001
1022	778
1022	36
1022	1207
1022	1536
1022	623
1022	1670
1022	23
1022	1839
1023	560
1023	1000
1023	869
1023	1014
1023	845
1023	1436
1023	622
1023	1001
1023	778
1023	36
1023	1207
1023	1536
1023	623
1023	1670
1023	23
1023	1839
1024	957
1025	652
1025	496
1025	430
1025	400
1025	399
1026	358
1026	1205
1026	275
1026	271
1026	187
1026	1694
1026	1685
1026	1621
1026	1611
1026	270
1026	1776
1026	1446
1026	928
1027	195
1027	557
1027	278
1027	423
1027	1205
1027	983
1027	714
1027	271
1027	253
1027	1204
1027	299
1027	27
1027	338
1027	218
1027	216
1027	755
1027	283
1027	187
1027	593
1027	1685
1027	451
1027	196
1027	258
1027	259
1027	1350
1027	186
1027	305
1027	313
1027	217
1027	785
1027	640
1027	835
1027	457
1027	306
1027	114
1027	991
1027	796
1027	319
1027	352
1027	403
1027	267
1027	235
1027	250
1027	213
1027	1235
1027	219
1027	215
1027	249
1027	263
1027	257
1027	450
1027	289
1027	205
1027	281
1027	371
1027	576
1027	380
1027	248
1027	228
1027	570
1027	704
1027	1147
1027	1153
1027	348
1027	1199
1027	1040
1027	1206
1027	1634
1027	202
1027	276
1027	241
1027	240
1027	1057
1027	1547
1027	748
1027	356
1027	29
1027	300
1027	57
1027	996
1027	1289
1027	1312
1027	812
1027	59
1027	296
1027	266
1027	354
1027	282
1027	378
1027	415
1027	325
1027	486
1027	198
1027	897
1027	644
1027	297
1027	533
1027	899
1027	891
1027	804
1027	38
1027	665
1027	993
1027	377
1027	1220
1027	582
1027	326
1027	122
1027	1522
1027	234
1027	1219
1027	645
1027	1281
1027	1386
1027	233
1027	563
1027	245
1027	427
1027	534
1027	246
1027	660
1027	214
1027	1086
1027	1288
1028	560
1028	1000
1028	869
1028	1014
1028	845
1028	1436
1028	622
1028	1001
1028	778
1028	36
1028	1207
1028	1536
1028	623
1028	1670
1028	23
1028	1839
1029	888
1029	560
1029	1000
1029	869
1029	1014
1029	845
1029	1436
1029	622
1029	1001
1029	778
1029	36
1029	1207
1029	1536
1029	623
1029	1670
1029	23
1029	1839
1030	592
1031	157
1031	708
1032	709
1032	881
1034	679
1034	467
1034	431
1034	883
1035	1768
1035	1688
1035	1744
1036	585
1037	585
1037	654
1038	679
1038	429
1038	775
1038	880
1038	883
1038	546
1039	882
1040	429
1041	496
1041	429
1041	775
1041	546
1042	882
1043	1711
1043	882
1043	1398
1044	679
1044	429
1044	775
1044	546
1045	679
1045	429
1045	775
1045	880
1045	883
1045	546
1046	679
1046	775
1046	546
1047	679
1047	686
1047	431
1047	882
1047	775
1047	880
1047	546
1048	652
1048	400
1049	756
1049	670
1050	881
1051	186
1052	278
1052	847
1052	299
1052	501
1052	1588
1052	1375
1052	119
1052	1655
1052	504
1052	1416
1052	162
1052	1453
1052	1422
1053	1293
1053	766
1053	1307
1053	1306
1054	189
1055	1005
1056	954
1056	587
1057	849
1058	1298
1058	278
1058	467
1058	1664
1058	1588
1058	119
1058	1398
1058	560
1058	1000
1058	869
1058	1014
1058	845
1058	1436
1058	622
1058	1001
1058	778
1058	36
1058	1207
1058	1536
1058	623
1058	1670
1058	23
1058	1839
1058	1276
1058	1320
1058	1333
1058	1396
1058	64
1058	1566
1058	91
1059	1293
1059	766
1059	1307
1059	1306
1060	1716
1060	381
1060	1500
1060	1202
1060	1201
1060	1200
1060	1766
1060	1672
1060	301
1060	1347
1061	278
1061	1588
1062	709
1062	453
1062	119
1063	67
1064	801
1064	210
1064	332
1064	446
1064	1649
1064	396
1064	1340
1064	43
1064	1739
1064	653
1064	552
1064	1678
1065	1293
1065	1307
1066	523
1067	954
1067	1883
1068	682
1068	499
1069	867
1070	687
1071	1534
1072	315
1073	443
1074	278
1074	541
1075	878
1075	800
1076	878
1076	800
1077	615
1077	744
1078	709
1078	1298
1078	467
1078	918
1078	881
1078	954
1079	274
1080	503
1081	784
1082	1453
1082	687
1082	506
1082	1452
1082	309
1083	576
1083	1058
1084	189
1084	826
1085	392
1085	553
1085	405
1086	478
1086	1828
1086	840
1087	1685
1087	1350
1087	1591
1087	60
1087	1790
1088	544
1088	164
1089	189
1090	529
1090	1189
1090	1305
1090	158
1091	800
1092	919
1092	816
1092	1004
1093	1068
1094	175
1094	1640
1094	1175
1094	708
1094	287
1094	182
1094	705
1094	1074
1094	183
1094	525
1094	184
1094	657
1094	474
1094	448
1094	730
1094	583
1094	465
1094	1249
1094	558
1094	729
1094	1573
1095	1074
1096	176
1096	1313
1096	451
1096	1760
1097	709
1097	1298
1097	278
1097	918
1097	586
1097	1122
1097	453
1097	881
1097	1034
1097	847
1097	1007
1097	119
1097	317
1097	1203
1097	587
1097	313
1097	898
1097	1398
1097	584
1097	921
1097	492
1097	1619
1097	1513
1097	1563
1097	418
1097	1602
1098	119
1098	6
1099	691
1099	344
1100	1322
1101	908
1102	278
1102	467
1102	541
1102	404
1103	1355
1104	1716
1104	381
1104	1200
1104	1500
1104	1766
1104	1202
1104	1672
1104	1201
1104	301
1104	1347
1105	272
1106	516
1107	652
1107	496
1107	400
1107	691
1107	399
1107	906
1108	268
1109	169
1110	4
1111	383
1111	606
1111	1165
1111	1493
1112	587
1113	206
1114	1321
1114	1759
1115	456
1116	764
1117	278
1117	1269
1117	299
1117	1588
1117	1453
1117	506
1117	1786
1118	193
1118	1230
1118	495
1118	737
1118	350
1118	1069
1118	494
1118	510
1118	1070
1118	1229
1118	1036
1119	451
1120	1246
1121	414
1121	386
1121	1466
1122	1664
1122	1566
1123	1777
1124	287
1125	918
1125	1775
1125	455
1126	485
1127	371
1128	437
1128	1640
1128	1509
1128	1573
1129	179
1130	1243
1131	313
1132	1298
1132	783
1132	918
1132	642
1132	1015
1132	913
1133	471
1133	553
1133	405
1133	1401
1134	709
1135	988
1135	562
1136	1293
1136	1307
1137	881
1138	707
1138	929
1138	1080
1138	1826
1138	1840
1139	524
1140	670
1141	1395
1142	189
1143	1466
1144	278
1144	586
1144	299
1144	1588
1144	119
1144	1453
1144	392
1144	1203
1144	498
1144	1029
1144	417
1144	587
1144	898
1144	1489
1144	693
1144	1197
1144	747
1144	351
1144	904
1144	1490
1144	142
1144	1155
1144	608
1144	13
1144	1126
1144	1855
1144	1411
1145	1226
1146	344
1147	586
1148	503
1149	511
1150	390
1150	567
1150	935
1150	524
1150	521
1150	380
1150	396
1150	1173
1150	117
1150	1695
1150	1643
1150	565
1150	1721
1150	1684
1150	46
1151	383
1151	384
1152	1104
1153	1463
1154	437
1155	1640
1155	1074
1155	646
1156	190
1157	652
1157	496
1158	207
1159	278
1159	299
1159	1588
1159	119
1159	1175
1159	504
1159	293
1160	461
1160	1195
1160	637
1161	1298
1162	503
1162	1398
1162	885
1162	1836
1163	709
1163	881
1163	998
1163	287
1163	1089
1163	98
1164	709
1164	1298
1164	642
1164	1640
1165	278
1165	299
1165	1588
1166	278
1166	1588
1167	278
1168	501
1169	1458
1170	775
1170	546
1170	952
1170	953
1171	404
1171	292
1172	784
1172	404
1172	1422
1173	1062
1174	505
1175	247
1176	238
1176	236
1177	500
1178	164
1178	1263
1179	606
1179	1165
1179	1344
1180	453
1180	881
1180	1777
1181	848
1182	881
1182	272
1182	1777
1183	195
1183	725
1183	683
1183	548
1183	1760
1183	942
1184	1026
1185	662
1186	834
1186	708
1187	503
1188	709
1189	687
1189	756
1189	670
1190	1280
1190	726
1190	1243
1190	846
1190	327
1190	756
1190	670
1191	278
1191	299
1191	119
1191	98
1191	1398
1192	461
1192	1701
1193	1883
1194	429
1194	948
1194	1064
1195	846
1195	756
1195	670
1196	399
1197	1084
1198	726
1198	846
1199	882
1200	1121
1200	708
1201	467
1201	372
1202	726
1203	1780
1203	461
1203	882
1203	78
1203	148
1204	775
1204	1287
1204	546
1205	652
1205	496
1206	1280
1206	546
1207	1347
1208	414
1208	431
1208	626
1208	620
1208	386
1208	538
1209	902
1210	670
1211	865
1211	1842
1211	1468
1212	1005
1213	1315
1213	414
1213	1381
1213	147
1213	431
1213	1251
1213	626
1213	1363
1213	880
1213	620
1213	883
1213	1087
1213	484
1213	741
1213	859
1213	1021
1213	1303
1213	1358
1213	14
1213	105
1213	1120
1213	1239
1213	1821
1213	1380
1213	1844
1213	1193
1213	1010
1214	856
1215	414
1215	386
1215	538
1216	411
1216	317
1217	691
1218	926
1219	244
1219	407
1220	192
1220	480
1221	777
1222	795
1223	761
1224	77
1225	901
1225	617
1225	902
1226	1378
1227	402
1228	429
1228	777
1228	774
1229	989
1230	429
1230	546
1231	726
1231	846
1231	546
1232	503
1232	1418
1233	691
1233	344
1233	313
1234	743
1234	879
1234	828
1235	726
1235	846
1235	1276
1235	1320
1235	1333
1235	1396
1235	64
1235	1566
1235	91
1236	195
1237	1000
1237	869
1238	882
1238	402
1239	429
1239	685
1239	775
1240	1357
1240	989
1241	1363
1241	1358
1241	105
1241	1239
1242	278
1242	888
1242	119
1243	278
1244	679
1244	429
1244	626
1244	685
1244	882
1244	775
1244	880
1244	887
1244	872
1244	546
1244	1064
1245	431
1245	429
1245	880
1245	777
1245	872
1245	773
1246	455
1247	80
1247	79
1247	1743
1247	1149
1248	1315
1248	1087
1248	574
1249	1038
1250	501
1251	1350
1251	1612
1251	1617
1251	1591
1251	60
1251	1147
1251	1851
1251	1790
1251	1579
1251	1685
1251	1827
1252	345
1253	501
1253	1259
1254	585
1255	386
1256	313
1257	881
1258	502
1259	501
1259	500
1260	1696
1260	906
1260	1804
1261	496
1262	542
1262	946
1262	572
1263	647
1263	1233
1264	1350
1264	1591
1264	60
1264	1790
1265	973
1266	888
1266	1647
1266	1763
1266	1850
1267	1253
1268	78
1269	277
1269	232
1269	841
1269	666
1270	1005
1271	1553
1272	1378
1272	1293
1272	766
1272	1307
1272	1306
1273	679
1273	686
1273	429
1273	685
1273	620
1273	887
1273	546
1274	579
1274	193
1274	395
1274	1254
1274	1361
1275	503
1276	775
1276	546
1277	656
1277	141
1277	1075
1278	738
1278	1280
1278	1711
1278	882
1278	1881
1279	878
1279	567
1279	896
1280	538
1281	193
1282	1466
1282	841
1282	1731
1283	909
1283	1693
1284	500
1285	1896
1285	146
1286	193
1287	1478
1288	817
1288	1534
1289	1503
1289	888
1289	1885
1289	1816
1289	1647
1289	1763
1289	889
1289	1381
1289	1238
1289	1850
1289	1426
1289	1294
1289	110
1289	1767
1289	1529
1290	1357
1291	429
1292	948
1293	752
1295	906
1296	858
1297	230
1297	333
1297	232
1297	647
1297	1233
1298	1614
1299	316
1300	1186
1301	1503
1301	1234
1301	714
1301	1013
1302	119
1303	1640
1304	761
1305	501
1306	429
1306	948
1306	882
1306	775
1306	887
1306	546
1307	303
1307	193
1308	1104
1309	679
1309	1333
1309	775
1309	846
1309	546
1310	761
1311	1315
1311	775
1311	880
1311	777
1311	883
1311	741
1311	546
1311	1064
1312	1711
1312	431
1312	429
1312	626
1312	948
1312	882
1312	775
1312	830
1312	726
1312	777
1312	620
1312	887
1312	938
1312	1243
1312	872
1312	846
1312	546
1312	1064
1312	880
1312	883
1312	741
1312	679
1312	686
1313	1847
1313	1023
1313	1276
1313	64
1313	1333
1313	1260
1313	1566
1313	1320
1313	42
1313	53
1314	1780
1314	1022
1315	652
1315	496
1315	431
1315	429
1315	626
1315	948
1315	882
1315	775
1315	880
1315	777
1315	399
1315	620
1315	883
1315	773
1315	741
1315	774
1316	1205
1316	1204
1317	675
1317	1870
1318	500
1319	1664
1320	865
1320	1350
1320	1591
1320	1790
1320	1147
1321	538
1322	402
1323	503
1324	780
1324	758
1324	737
1324	350
1324	1069
1324	1070
1324	1046
1325	568
1325	815
1326	742
1327	1426
1327	947
1328	873
1328	278
1328	1588
1329	761
1330	989
1330	937
1330	726
1330	938
1330	846
1330	884
1331	880
1331	883
1331	741
1332	1703
1333	930
1334	919
1334	816
1335	788
1336	679
1336	738
1336	414
1336	431
1336	429
1336	626
1336	685
1336	948
1336	882
1336	775
1336	880
1336	777
1336	620
1336	887
1336	872
1336	386
1336	546
1336	774
1336	1064
1336	1003
1337	1315
1337	1381
1337	1821
1337	697
1338	1885
1338	1426
1338	1763
1339	200
1340	937
1340	938
1340	884
1341	957
1342	138
1343	402
1344	138
1344	567
1344	437
1344	1307
1344	17
1344	1306
1344	88
1345	544
1345	958
1345	1140
1345	1045
1346	414
1346	431
1346	626
1346	880
1346	620
1346	883
1346	386
1346	741
1346	185
1346	538
1347	501
1348	636
1348	529
1349	138
1350	733
1350	742
1351	937
1351	938
1351	884
1352	882
1353	957
1354	775
1354	887
1354	872
1354	546
1355	844
1356	761
1357	179
1358	278
1358	1588
1359	733
1359	742
1360	1056
1360	664
1360	694
1361	503
1362	467
1362	598
1363	1243
1364	501
1365	501
1365	1259
1366	1357
1366	989
1367	724
1368	902
1369	1703
1370	708
1371	429
1371	22
1371	775
1371	777
1372	639
1373	909
1374	560
1375	766
1376	1357
1377	429
1378	1298
1378	918
1379	775
1379	777
1380	751
1381	733
1381	742
1382	560
1382	1000
1382	869
1382	845
1382	1536
1382	623
1382	1670
1383	71
1384	901
1384	617
1384	447
1384	902
1384	480
1384	332
1384	590
1384	1309
1384	699
1384	1853
1385	1034
1385	1007
1385	777
1386	909
1386	447
1386	902
1386	480
1386	590
1386	601
1387	1350
1387	1612
1387	1617
1387	1591
1387	60
1387	1147
1387	1851
1387	1790
1387	1579
1387	1685
1387	1827
1388	200
1389	192
1389	524
1389	1253
1389	737
1389	417
1389	394
1389	497
1389	1352
1389	903
1389	1871
1390	431
1391	901
1391	617
1391	902
1392	200
1393	1311
1393	1778
1393	1821
1393	696
1393	688
1393	697
1393	591
1393	607
1393	1642
1393	1434
1393	1391
1393	1604
1393	1020
1393	1635
1393	1367
1393	1753
1394	1084
1395	756
1396	671
1397	879
1397	828
1397	827
1397	860
1398	977
1399	882
1399	431
1399	620
1399	626
1399	775
1399	948
1399	777
1400	429
1400	846
1401	882
1402	284
1403	431
1403	626
1403	880
1403	620
1403	883
1403	741
1404	195
1405	882
1405	1881
1406	831
1407	726
1407	1243
1407	846
1408	726
1408	1243
1408	846
1409	652
1409	496
1409	430
1409	400
1409	399
1410	1280
1410	880
1411	431
1411	620
1411	626
1412	652
1413	278
1413	467
1414	431
1414	880
1415	1363
1415	1121
1415	1303
1415	1358
1415	1239
1415	1532
1416	467
1416	268
1416	349
1417	778
1417	1001
1418	467
1419	709
1419	881
1420	414
1420	386
1420	538
1421	268
1421	363
1422	349
1423	278
1423	1453
1423	898
1423	504
1423	472
1424	923
1425	709
1425	881
1426	937
1426	938
1426	884
1426	1276
1426	1320
1426	1333
1426	1396
1426	64
1426	1566
1426	91
1427	680
1428	1276
1428	1320
1428	1333
1428	1396
1428	64
1428	1566
1428	91
1429	1736
1430	1363
1430	766
1431	470
1432	880
1433	882
1434	1716
1434	1201
1435	1549
1435	1658
1436	1107
1436	119
1436	1640
1436	1573
1437	404
1438	292
1439	313
1440	1669
1441	652
1441	496
1441	400
1441	399
1442	831
1443	349
1444	879
1444	828
1445	712
1446	938
1446	884
1447	709
1447	881
1448	1159
1449	310
1449	179
1450	386
1452	831
1453	1454
1454	451
1454	1806
1455	1649
1455	1221
1456	1627
1456	933
1456	1181
1456	1161
1456	1222
1456	1178
1456	1807
1456	1843
1456	1184
1456	1166
1456	926
1456	1183
1456	1142
1457	1093
1458	388
1459	104
1460	634
1461	1203
1461	898
1462	1423
1462	982
1462	612
1462	906
1462	829
1462	858
1462	1471
1463	1269
1463	1107
1464	544
1464	1038
1464	1037
1464	164
1464	222
1464	1587
1464	1112
1465	544
1465	1111
1465	1038
1465	1037
1465	164
1465	1587
1465	1112
1466	278
1466	1269
1466	119
1466	1398
1467	138
1467	1341
1467	1307
1467	17
1467	140
1467	624
1467	1365
1467	99
1468	606
1468	1165
1469	769
1469	1029
1469	955
1469	1108
1470	1344
1470	606
1470	1165
1470	111
1471	691
1472	104
1473	210
1474	761
1475	747
1475	351
1475	904
1476	1627
1476	933
1476	1181
1476	1161
1476	1222
1476	1178
1476	1807
1476	1843
1476	1184
1476	1166
1476	926
1476	1183
1477	881
1477	272
1478	1205
1478	1204
1479	489
1480	1068
1481	619
1482	882
1483	882
1484	882
1484	399
1485	882
1486	467
1487	738
1488	738
1489	414
1489	429
1489	386
1489	774
1489	538
1490	414
1490	386
1490	538
1491	1357
1491	429
1491	775
1492	1378
1492	1856
1492	766
1492	17
1493	878
1493	709
1493	1856
1493	647
1494	431
1494	429
1494	626
1494	775
1494	872
1494	546
1495	1703
1496	970
1497	529
1498	823
1499	1139
1500	1669
1501	523
1502	1311
1502	1804
1503	626
1503	1276
1503	1009
1503	1234
1503	1867
1503	256
1503	1808
1504	1280
1504	989
1504	775
1504	846
1504	152
1505	209
1505	210
1505	703
1505	1382
1505	339
1505	601
1505	1203
1505	979
1505	81
1505	1459
1505	382
1505	876
1505	1863
1505	712
1505	975
1505	1835
1505	606
1506	658
1506	284
1507	119
1508	1838
1508	413
1509	467
1509	349
1509	292
1510	1350
1510	1702
1510	672
1510	1653
1510	170
1511	1252
1512	1716
1512	470
1513	1121
1513	1764
1514	902
1514	413
1514	395
1515	100
1515	716
1516	1246
1517	564
1518	761
1519	951
1520	655
1520	772
1520	1047
1520	771
1520	932
1520	770
1521	740
1522	1791
1522	130
1523	538
1524	100
1524	1100
1524	716
1524	803
1525	192
1525	901
1525	617
1525	286
1525	447
1525	902
1525	480
1525	564
1525	682
1525	790
1525	590
1525	304
1525	499
1525	395
1525	1254
1525	1421
1525	963
1525	1461
1526	652
1526	496
1526	430
1526	400
1526	399
1527	467
1528	192
1528	909
1528	902
1528	480
1528	682
1528	524
1528	342
1528	590
1528	695
1528	499
1528	699
1528	395
1528	1254
1528	394
1528	497
1529	349
1529	404
1529	292
1530	844
1531	1372
1531	1264
1532	881
1532	230
1532	1646
1533	1253
1533	903
1534	286
1534	564
1534	1150
1534	1556
1534	1113
1535	303
1535	193
1535	1409
1536	726
1536	846
1537	429
1537	685
1537	882
1537	775
1537	546
1537	880
1537	883
1537	741
1538	775
1540	864
1541	733
1541	742
1542	882
1543	1572
1543	1030
1544	880
1545	1276
1545	1333
1546	1423
1547	972
1547	971
1548	691
1549	414
1549	386
1550	1664
1550	777
1550	887
1551	560
1551	1000
1551	869
1551	1014
1551	845
1551	1436
1551	622
1551	1001
1551	778
1551	36
1551	1207
1551	1536
1551	623
1551	1670
1551	23
1551	1839
1552	546
1553	206
1554	745
1555	402
1556	82
1556	83
1557	844
1558	1456
1559	501
1560	743
1561	884
1562	1282
1563	15
1564	919
1564	816
1564	1004
1564	824
1565	1780
1565	822
1565	709
1565	675
1565	736
1565	873
1565	918
1565	881
1565	429
1565	989
1565	316
1565	113
1565	937
1565	714
1565	775
1565	78
1565	284
1565	181
1565	561
1565	884
1565	368
1565	148
1565	1549
1565	1453
1565	125
1565	578
1565	1508
1565	285
1565	1376
1565	906
1565	186
1565	328
1565	681
1565	1550
1565	1013
1565	1870
1565	663
1565	476
1565	732
1565	999
1565	1245
1565	1882
1565	1723
1566	1838
1567	1298
1568	414
1568	429
1568	989
1568	726
1568	872
1568	846
1568	774
1569	434
1570	278
1571	1034
1571	1007
1572	1229
1572	510
1573	451
1573	1806
1573	1894
1574	200
1575	652
1575	496
1575	430
1575	400
1575	399
1576	901
1576	617
1576	902
1576	480
1576	682
1576	590
1576	695
1576	499
1576	699
1576	395
1577	901
1577	617
1577	909
1577	447
1577	902
1577	682
1577	524
1577	342
1577	590
1577	499
1577	699
1577	394
1578	386
1579	386
1580	1828
1581	683
1581	1589
1581	888
1581	1885
1581	1816
1581	1647
1581	1763
1581	889
1581	1381
1581	1238
1581	1850
1581	1426
1582	652
1582	496
1582	400
1582	399
1582	884
1582	1314
1582	1443
1582	1890
1582	1733
1582	1518
1582	68
1582	1603
1582	1708
1582	1801
1582	1363
1582	1239
1582	105
1582	1358
1582	1251
1582	1303
1582	1120
1582	14
1582	22
1582	78
1582	148
1582	1780
1583	1358
1584	292
1584	1591
1585	1343
1585	1063
1585	1248
1585	302
1585	935
1585	926
1586	292
1586	518
1587	546
1587	679
1587	686
1588	827
1588	879
1588	828
1588	860
1588	842
1590	1205
1590	1204
1590	243
1591	1016
1592	366
1592	176
1592	560
1592	1000
1592	869
1592	1014
1592	845
1592	1436
1592	622
1592	1001
1592	778
1592	36
1592	1207
1592	1536
1592	623
1592	1670
1592	23
1592	1839
1593	1656
1594	1308
1594	1305
1594	158
1595	467
1595	349
1596	349
1597	429
1597	626
1597	775
1597	883
1597	546
1598	341
1599	1063
1599	195
1599	551
1599	1205
1599	381
1599	180
1599	1023
1599	403
1599	201
1599	321
1599	212
1599	267
1599	176
1599	714
1599	1260
1599	271
1599	600
1599	302
1599	235
1599	1204
1599	101
1599	181
1599	338
1599	218
1599	921
1599	250
1599	755
1599	269
1599	213
1599	1185
1599	219
1599	215
1599	283
1599	488
1599	249
1599	392
1599	422
1599	553
1599	357
1599	257
1599	450
1599	718
1599	855
1599	259
1599	336
1599	340
1599	765
1599	428
1599	324
1599	371
1599	1405
1599	237
1599	261
1599	746
1599	576
1599	1621
1599	313
1599	720
1599	248
1599	217
1599	785
1599	491
1599	1164
1599	426
1599	348
1599	719
1599	754
1599	547
1599	194
1599	1199
1599	1634
1599	806
1599	457
1599	1291
1599	314
1599	356
1599	1611
1599	1289
1599	1312
1599	319
1599	522
1599	445
1599	812
1599	296
1599	266
1599	354
1599	282
1599	378
1599	415
1599	325
1599	486
1599	198
1599	897
1599	644
1599	297
1599	533
1599	899
1599	891
1599	804
1599	1086
1599	798
1599	337
1599	487
1599	1652
1599	811
1599	1194
1599	239
1599	469
1599	1180
1599	12
1599	1485
1599	128
1599	251
1599	252
1599	482
1599	1025
1599	581
1599	700
1599	851
1599	850
1599	559
1599	710
1599	1413
1599	1192
1599	853
1599	1148
1599	1156
1599	852
1599	1094
1599	1285
1599	625
1599	980
1599	981
1599	3
1599	965
1599	1811
1599	260
1599	985
1599	580
1599	262
1599	1095
1599	912
1599	1300
1600	1669
1601	274
1601	1205
1601	1204
1602	313
1603	313
1604	560
1604	1000
1604	869
1604	1014
1604	845
1604	1436
1604	622
1604	1001
1604	778
1604	36
1604	1207
1604	1536
1604	623
1604	1670
1604	23
1604	1839
1604	744
1605	652
1605	496
1605	430
1605	429
1605	400
1605	882
1605	775
1605	726
1605	399
1605	846
1605	880
1605	883
1605	741
1605	431
1605	620
1605	626
1606	937
1606	938
1606	884
1607	726
1608	846
1609	775
1609	777
1609	546
1609	880
1609	883
1609	741
1609	431
1609	620
1609	626
1609	496
1609	399
1609	652
1609	400
1609	430
1610	882
1610	775
1610	777
1610	846
1610	880
1610	883
1610	741
1610	431
1610	620
1610	626
1611	918
1612	918
1613	880
1613	883
1613	741
1613	431
1613	620
1613	626
1614	880
1614	883
1614	741
1615	414
1615	386
1615	880
1615	883
1615	741
1616	880
1616	883
1616	741
1616	431
1616	620
1616	626
1617	887
1617	546
1618	937
1618	938
1618	884
1619	875
1619	972
1619	971
1619	886
1620	709
1620	881
1621	709
1621	1298
1621	918
1621	470
1621	881
1621	988
1621	379
1621	204
1621	369
1621	529
1621	513
1621	835
1622	709
1622	881
1623	709
1623	881
1624	709
1624	881
1625	881
1626	102
1627	617
1627	423
1627	447
1627	230
1627	333
1627	225
1627	392
1627	405
1628	775
1628	887
1628	546
1629	546
1630	775
1630	726
1630	872
1630	846
1630	546
1630	1064
1630	679
1630	686
1631	1363
1632	1363
1632	1358
1632	105
1632	1239
1632	880
1632	883
1632	741
1632	431
1632	620
1632	626
1633	1251
1634	1234
1634	1363
1634	1239
1634	105
1634	1358
1634	1251
1634	1303
1634	1120
1634	14
1634	22
1634	78
1634	148
1634	1780
1635	1234
1635	1363
1635	1239
1635	105
1635	1358
1635	1251
1635	1303
1635	1120
1635	14
1635	22
1636	1780
1636	1363
1637	1363
1637	1239
1637	105
1637	1358
1637	1251
1637	1303
1637	1120
1637	14
1637	22
1638	878
1638	800
1638	1363
1638	1239
1639	1363
1639	1239
1639	105
1639	1358
1639	1251
1639	1303
1639	1120
1639	14
1639	22
1639	78
1639	148
1639	1780
1640	880
1641	801
1641	864
1642	431
1642	1867
1643	431
1643	429
1643	670
1644	670
1645	310
1646	1321
1647	652
1647	496
1647	399
1648	976
1649	1144
1649	834
1650	937
1650	938
1650	884
1651	386
1651	788
1652	823
1653	529
1654	864
1655	447
1655	1129
1655	1236
1655	1371
1655	1856
1655	766
1655	1293
1655	1306
1655	1307
1655	1732
1655	17
1655	1378
1655	1341
1655	138
1655	1073
1655	1730
1655	1365
1655	99
1655	151
1655	140
1655	594
1655	900
1656	453
1656	881
1656	680
1656	1419
1657	679
1657	431
1657	685
1657	948
1657	775
1657	887
1657	546
1657	880
1657	883
1657	741
1658	709
1658	675
1658	881
1658	1549
1659	429
1659	887
1659	951
1659	884
1660	989
1661	743
1662	409
1663	709
1663	881
1663	1089
1665	652
1665	399
1666	429
1666	774
1666	773
1666	781
1666	830
1666	775
1666	948
1666	777
1666	989
1666	152
1666	1580
1666	1499
1666	1
1666	1357
1666	1064
1666	872
1666	431
1666	620
1666	626
1667	310
1667	1321
1668	193
1669	1118
1669	805
1669	330
1670	888
1670	1885
1670	1816
1670	1647
1670	1763
1670	889
1670	1381
1670	1238
1670	1850
1670	1426
1671	649
1672	888
1672	1885
1672	1816
1672	1647
1672	1763
1672	889
1672	1381
1672	1238
1672	1850
1672	1426
1673	414
1674	278
1674	467
1674	299
1675	467
1675	621
1675	349
1676	470
1676	1295
1676	1296
1677	1276
1677	1320
1677	1333
1677	1396
1677	64
1677	1566
1677	91
1678	1599
1679	874
1680	174
1680	84
1680	1261
1680	31
1680	72
1680	1777
1680	1221
1680	441
1680	1737
1680	1387
1680	599
1681	209
1681	210
1682	523
1682	991
1683	1276
1683	1320
1683	1333
1683	1396
1683	64
1683	1566
1683	91
1684	882
1685	274
1685	1205
1685	1204
1686	1797
1687	882
1688	709
1688	881
1689	178
1690	367
1691	1315
1692	461
1692	940
1692	1657
1692	768
1692	298
1692	765
1692	114
1692	442
1692	353
1692	1168
1692	1414
1692	1831
1692	1667
1692	825
1692	1660
1692	892
1692	45
1692	1792
1692	536
1692	126
1692	843
1692	1258
1692	1216
1692	1501
1692	782
1692	1833
1692	462
1692	463
1692	1622
1692	701
1692	1364
1692	1516
1692	1626
1693	173
1694	125
1694	1287
1694	1892
1694	90
1694	1789
1694	1799
1694	1683
1694	1187
1694	1581
1694	1121
1694	1764
1694	1532
1694	1510
1694	1363
1694	1239
1694	105
1694	1358
1694	1251
1694	1303
1694	1120
1694	14
1694	1234
1694	22
1694	1427
1694	78
1694	148
1694	1780
1694	1009
1694	1212
1694	1388
1694	1380
1694	1844
1694	1663
1694	1425
1694	1723
1695	496
1695	1729
1696	652
1696	496
1696	430
1696	400
1696	399
1697	652
1697	496
1697	430
1697	400
1697	882
1697	399
1698	429
1698	774
1698	773
1698	781
1698	830
1698	775
1698	948
1698	777
1698	989
1698	152
1698	1580
1698	1499
1698	1
1698	1357
1698	1064
1698	872
1698	414
1698	386
1698	538
1698	880
1698	883
1698	741
1698	431
1698	620
1698	626
1699	887
1699	546
1699	679
1699	686
1700	414
1700	431
1700	386
1700	538
1700	880
1700	883
1700	741
1700	620
1700	626
1701	1841
1702	461
1702	940
1702	1657
1702	768
1702	298
1702	765
1702	442
1702	353
1702	1168
1702	1414
1702	1831
1702	114
1702	1667
1702	825
1702	1660
1702	892
1702	45
1702	1792
1702	536
1702	126
1702	843
1702	1258
1702	1216
1702	1501
1702	782
1702	1833
1702	462
1702	463
1702	1622
1702	701
1702	1364
1702	1516
1702	1626
1703	973
1704	1838
1705	1583
1706	271
1706	344
1707	467
1708	467
1709	431
1709	620
1709	626
1710	278
1710	299
1711	278
1712	1752
1712	1645
1713	898
1713	880
1713	883
1713	741
1713	431
1713	620
1713	626
1714	470
1715	714
1715	37
1715	560
1715	1000
1715	869
1715	1014
1715	845
1715	1436
1715	622
1715	1001
1715	778
1715	36
1715	1207
1715	1536
1715	623
1715	1670
1715	23
1715	1839
1716	386
1717	1847
1717	1128
1717	1662
1718	882
1719	882
1719	744
1720	278
1720	467
1720	831
1720	349
1720	299
1720	292
1721	687
1722	1315
1722	1381
1722	1363
1722	1087
1722	1388
1722	1011
1722	1821
1722	697
1722	1595
1723	366
1723	551
1723	1041
1723	381
1723	868
1723	176
1723	268
1723	302
1723	934
1723	27
1723	661
1723	1226
1723	1185
1723	502
1723	376
1723	357
1723	1500
1723	301
1723	289
1723	371
1723	1677
1723	308
1723	767
1723	491
1723	1178
1723	747
1723	1153
1723	389
1723	719
1723	194
1723	438
1723	1199
1723	1039
1723	1194
1723	12
1723	356
1723	1289
1723	700
1723	710
1723	625
1723	582
1723	1602
1723	1143
1723	419
1723	916
1723	1359
1723	1692
1723	1442
1723	136
1723	1167
1723	444
1723	1008
1723	668
1723	669
1723	1370
1723	1480
1723	997
1723	359
1723	762
1723	1071
1723	1290
1723	964
1723	907
1723	1172
1723	424
1723	1171
1723	925
1723	1182
1723	995
1723	1179
1723	1169
1723	994
1723	1417
1723	1174
1723	1301
1723	920
1723	1430
1723	1244
1723	893
1723	614
1724	1311
1725	381
1726	1315
1726	1881
1727	267
1728	303
1728	684
1729	1240
1729	1241
1729	857
1729	950
1729	861
1730	970
1731	918
1731	503
1731	437
1731	587
1731	65
1732	299
1732	1588
1733	1253
1733	903
1734	937
1734	938
1734	884
1735	1190
1735	1630
1736	989
1737	1282
1738	529
1739	564
1739	731
1740	761
1741	1229
1741	510
1742	830
1743	193
1744	431
1745	675
1745	873
1745	429
1745	125
1745	1508
1745	1870
1745	1882
1746	822
1746	788
1747	451
1747	1806
1748	413
1749	451
1749	1806
1751	1375
1751	100
1751	1100
1751	716
1752	1333
1752	720
1752	1448
1752	532
1752	1276
1752	1320
1752	1396
1752	64
1752	1566
1752	91
1753	844
1754	193
1755	1350
1755	1591
1755	60
1756	577
1756	633
1757	823
1758	496
1758	399
1758	652
1758	400
1758	430
1759	560
1759	1000
1759	869
1759	1014
1759	845
1759	1436
1759	622
1759	1001
1759	778
1759	36
1759	1207
1759	1536
1759	623
1759	1670
1759	23
1759	1839
1760	467
1760	560
1760	1000
1760	869
1760	1014
1760	845
1760	1436
1760	622
1760	1001
1760	778
1760	36
1760	1207
1760	1536
1760	623
1760	1670
1760	23
1760	1839
1762	292
1763	1110
1764	49
1765	481
1766	82
1766	83
1767	1029
1767	15
1768	193
1769	230
1769	333
1769	232
1769	1334
1769	903
1770	303
1770	223
1770	1131
1771	1669
1772	831
1773	1299
1773	304
1773	100
1773	1448
1773	1433
1773	432
1774	453
1774	1137
1774	476
1774	328
1774	509
1774	1326
1774	329
1774	420
1774	1722
1774	663
1774	732
1775	1842
1775	930
1775	1562
1776	1229
1776	510
1777	1298
1777	918
1778	192
1778	901
1778	617
1778	341
1778	286
1778	909
1778	138
1778	447
1778	453
1778	1268
1778	460
1778	1838
1778	902
1778	962
1778	1637
1778	480
1778	303
1778	564
1778	910
1778	1325
1778	682
1778	193
1778	1299
1778	524
1778	343
1778	393
1778	790
1778	342
1778	590
1778	375
1778	1375
1778	413
1778	47
1778	1441
1778	304
1778	1054
1778	350
1778	1116
1778	1304
1778	42
1778	67
1778	1666
1778	1203
1778	498
1778	1282
1778	978
1778	1029
1778	979
1778	1309
1778	944
1778	1266
1778	417
1778	749
1778	1109
1778	1049
1778	917
1778	499
1778	699
1778	388
1778	21
1778	510
1778	957
1778	15
1778	100
1778	395
1778	1277
1778	1131
1778	43
1778	1274
1778	813
1778	1254
1778	172
1778	35
1778	56
1778	1623
1778	1334
1778	1247
1778	1100
1778	1448
1778	1108
1778	606
1778	987
1778	911
1778	74
1778	866
1778	1351
1778	1096
1778	118
1778	949
1778	641
1778	1356
1778	1705
1778	1051
1778	1852
1778	1231
1778	1353
1778	1783
1778	1410
1778	716
1778	803
1778	1632
1778	111
1778	1318
1778	1412
1778	394
1778	1523
1778	142
1778	1758
1778	1352
1778	1215
1778	702
1778	793
1778	1849
1778	1829
1778	1361
1778	1461
1778	963
1778	903
1778	1871
1778	1150
1778	1556
1778	1113
1778	1409
1778	1090
1778	1125
1778	1874
1778	85
1778	1124
1778	1803
1778	1802
1778	1701
1778	449
1778	1130
1778	1769
1778	1360
1778	1433
1778	1403
1778	432
1778	692
1778	1822
1778	1558
1778	1530
1778	1893
1778	1331
1778	960
1778	1689
1778	1571
1778	1748
1778	1406
1778	1865
1778	1798
1778	1504
1778	1706
1778	1810
1778	1415
1778	894
1778	1825
1778	1515
1778	1823
1778	1345
1778	1475
1778	1681
1778	961
1778	1286
1778	116
1778	1531
1778	1492
1778	1474
1778	1467
1778	1616
1778	1554
1778	818
1778	1079
1778	1755
1778	9
1778	1091
1778	1368
1778	1542
1778	1644
1778	385
1778	1481
1778	1228
1778	1592
1778	28
1778	1050
1778	1720
1778	1027
1778	1817
1778	52
1778	1541
1778	1691
1778	1873
1778	1673
1778	638
1778	1785
1778	678
1778	791
1778	1133
1778	1800
1778	792
1778	1132
1778	55
1778	596
1778	374
1778	48
1778	1053
1778	1709
1778	1714
1778	1848
1778	1373
1778	550
1778	1082
1778	1886
1778	1869
1778	166
1778	1114
1778	1479
1778	797
1778	992
1778	1328
1778	1102
1778	1255
1778	1445
1778	1317
1778	73
1778	1498
1778	1665
1778	1897
1778	156
1778	1600
1778	1316
1778	1525
1778	165
1778	1876
1778	1567
1778	836
1778	1329
1778	1528
1778	1779
1778	1502
1778	759
1778	1628
1778	1511
1778	1866
1778	959
1778	1389
1778	1539
1778	1676
1778	1726
1778	1270
1778	54
1778	1420
1778	1469
1778	1521
1778	1551
1778	1636
1778	1097
1778	1098
1778	1491
1778	1568
1778	89
1778	1698
1778	163
1778	1327
1778	1330
1778	134
1778	171
1778	1738
1778	1782
1778	1232
1778	1460
1778	1787
1778	24
1778	124
1778	1517
1778	1210
1778	1560
1778	1659
1778	1438
1778	1439
1778	1774
1778	1715
1778	18
1778	1335
1778	1348
1778	1674
1778	1679
1778	32
1778	1349
1778	75
1778	1151
1778	1473
1778	458
1778	1615
1778	1699
1778	1747
1778	1713
1778	144
1778	123
1778	1796
1778	1578
1778	322
1779	955
1781	679
1781	546
1782	777
1783	1838
1784	909
1784	1838
1784	429
1784	774
1784	773
1784	781
1784	830
1784	775
1784	948
1784	777
1784	989
1784	152
1784	1580
1784	1499
1784	1
1784	1357
1784	1064
1784	872
1784	818
1785	447
1785	902
1785	480
1785	682
1785	590
1785	375
1785	695
1785	499
1785	699
1786	1280
1787	775
1787	777
1788	775
1788	777
1789	386
1790	192
1790	341
1790	909
1790	1838
1790	303
1790	193
1790	397
1790	413
1790	1409
1791	652
1791	496
1791	430
1791	400
1791	1363
1791	880
1791	399
1793	902
1793	543
1794	509
1794	863
1795	192
1796	451
1796	1806
1796	1894
1797	1784
1797	1854
1798	470
1798	1596
1798	1601
1799	200
1800	1702
1800	672
1801	309
1801	898
1802	709
1803	1447
1804	775
1805	887
1805	546
1806	955
1806	15
1807	909
1807	100
1807	716
1808	546
1809	229
1810	560
1810	1000
1810	869
1810	1014
1810	845
1810	1436
1810	622
1810	1001
1810	778
1810	36
1810	1207
1810	1536
1810	623
1810	1670
1810	23
1810	1839
1811	1350
1812	546
1813	119
1814	195
1814	200
1814	334
1814	363
1814	383
1814	202
1815	870
1816	1702
1816	672
1817	292
1817	1494
1818	822
1819	775
1820	1716
1820	279
1820	1500
1820	1202
1820	1201
1820	1347
1820	1362
1820	308
1820	351
1820	750
1820	419
1820	1170
1820	1138
1820	1155
1820	852
1820	980
1820	136
1820	1167
1820	444
1820	1624
1820	1191
1820	69
1820	473
1820	1177
1820	454
1820	1146
1820	1740
1820	1576
1820	1103
1820	871
1820	1163
1820	1586
1820	1859
1820	1332
1820	618
1820	1157
1820	1319
1820	1607
1820	76
1820	360
1820	1198
1820	1123
1820	1271
1820	757
1821	659
1822	1883
1823	195
1823	201
1823	281
1824	886
1825	1429
1825	1594
1826	679
1827	467
1827	349
1828	909
1828	447
1828	480
1828	375
1829	292
1830	437
1830	408
1831	887
1831	546
1831	429
1831	774
1831	773
1831	781
1831	830
1831	775
1831	948
1831	777
1831	989
1831	152
1831	1580
1831	1499
1831	1
1831	1357
1831	1064
1831	872
1831	880
1831	883
1831	741
1831	431
1831	620
1831	626
1832	1883
1833	1295
1834	1597
1835	930
1836	386
1837	467
1838	292
1839	193
1840	523
1841	881
1842	864
1843	453
1843	1137
1843	1326
1844	119
1845	517
1845	519
1845	1006
1845	604
1845	1377
1845	355
1846	1205
1846	270
1846	1845
1847	888
1847	1885
1847	1816
1847	1647
1847	1763
1847	889
1847	1381
1847	1238
1847	1850
1847	1426
1847	1294
1847	110
1847	1767
1847	1529
1848	560
1848	1000
1848	869
1848	1014
1848	845
1848	1436
1848	622
1848	1001
1848	778
1848	36
1848	1207
1848	1536
1848	623
1848	1670
1848	23
1848	1839
1849	429
1849	774
1849	773
1849	781
1849	830
1849	775
1849	948
1849	777
1849	989
1849	152
1849	1580
1849	1499
1849	1
1849	1357
1849	1064
1849	872
1849	414
1849	386
1849	538
1849	880
1849	883
1849	741
1849	431
1849	620
1849	626
1849	679
1849	686
1849	546
1849	887
1849	685
1850	709
1850	881
1850	1790
1850	1612
1851	560
1851	1000
1851	869
1851	1014
1851	845
1851	1436
1851	622
1851	1001
1851	778
1851	36
1851	1207
1851	1536
1851	623
1851	1670
1851	23
1851	1839
1852	709
1852	881
1853	1647
1854	652
1854	496
1854	430
1854	400
1854	399
1855	7
1855	1728
1856	560
1856	1000
1856	869
1856	1014
1856	845
1856	1436
1856	622
1856	1001
1856	778
1856	36
1856	1207
1856	1536
1856	623
1856	1670
1856	23
1856	1839
1857	652
1858	1884
1858	383
1858	63
1858	346
1859	362
1859	784
1859	230
1859	958
1859	1233
1859	647
1860	414
1861	709
1861	881
1862	461
1862	843
1862	701
1863	560
1863	1000
1863	869
1863	1014
1863	845
1863	1436
1863	622
1863	1001
1863	778
1863	36
1863	1207
1863	1536
1863	623
1863	1670
1863	23
1863	1839
1864	349
1865	349
1865	998
1865	404
1865	292
1866	560
1866	1000
1866	869
1866	1014
1866	845
1866	1436
1866	622
1866	1001
1866	778
1866	36
1866	1207
1866	1536
1866	623
1866	1670
1866	23
1866	1839
1867	1298
1867	918
1867	119
1867	1261
1867	1734
1868	1028
1869	1062
1870	670
1871	451
1872	823
1873	828
1874	976
1875	919
1875	824
1876	775
1876	777
1877	278
1877	467
1877	404
1878	278
1878	467
1878	404
1879	278
1879	467
1879	404
1880	775
1881	270
1882	278
1882	467
1882	541
1882	404
1883	914
1883	278
1883	1588
1883	982
1883	119
1883	1175
1883	1655
1883	1416
1883	208
1883	1379
1884	914
1884	278
1884	1588
1884	982
1884	119
1884	1175
1884	1655
1884	1416
1884	208
1884	1379
1885	914
1885	278
1885	1588
1885	982
1885	119
1885	1175
1885	1655
1885	1416
1885	208
1885	1379
1886	914
1886	278
1886	1588
1886	982
1886	119
1886	1175
1886	1655
1886	1416
1886	208
1886	1379
1887	914
1887	278
1887	1588
1887	982
1887	119
1887	1175
1887	1655
1887	1416
1887	208
1887	1379
1888	268
1889	827
1889	879
1889	828
1889	860
1889	842
1890	274
1890	1205
1890	275
1890	1204
1891	312
1892	453
1892	137
1892	1795
1892	339
1892	119
1892	601
1892	722
1892	1898
1892	1457
1892	1101
1892	1519
1892	1044
1892	133
1892	1477
1892	1106
1892	1354
1893	453
1893	137
1893	1795
1893	339
1893	119
1893	601
1894	691
1894	1879
1894	1043
1894	44
1894	344
1894	1342
1894	906
1895	429
1895	775
1896	1780
1896	709
1896	675
1896	736
1896	873
1896	918
1896	881
1896	429
1896	316
1896	113
1896	937
1896	714
1896	775
1896	78
1896	284
1896	181
1896	561
1896	884
1896	368
1896	148
1896	1549
1896	1453
1896	125
1896	1302
1896	1508
1896	285
1896	21
1896	1376
1896	906
1896	663
1896	476
1896	186
1896	328
1896	681
1896	1550
1896	309
1896	732
1896	1013
1896	1870
1896	999
1896	1245
1896	1882
1896	1723
1897	743
1898	560
1898	1000
1898	869
1898	1014
1898	845
1898	1436
1898	622
1898	1001
1898	778
1898	36
1898	1207
1898	1536
1898	623
1898	1670
1898	23
1898	1839
1899	1549
1899	125
1899	1882
1900	1233
1900	647
1900	1264
1901	402
1902	402
1903	402
1904	402
1905	402
1905	1468
1906	402
1907	402
1908	402
1910	788
1911	679
1911	652
1911	496
1911	686
1911	430
1911	431
1911	429
1911	989
1911	626
1911	685
1911	400
1911	882
1911	775
1911	781
1911	880
1911	777
1911	399
1911	620
1911	883
1911	887
1911	872
1911	773
1911	546
1911	774
1911	1064
1912	461
1912	940
1912	1657
1912	768
1912	298
1912	765
1912	442
1912	353
1912	1168
1912	1414
1912	1831
1912	114
1912	1667
1912	825
1912	1660
1912	892
1912	45
1912	1792
1912	536
1912	126
1912	843
1912	1258
1912	1216
1912	1501
1912	782
1912	1833
1912	462
1912	463
1912	1622
1912	701
1912	1364
1912	1516
1912	1626
1913	195
1913	557
1913	278
1913	423
1913	1205
1913	983
1913	403
1913	267
1913	714
1913	271
1913	253
1913	235
1913	1204
1913	299
1913	27
1913	338
1913	218
1913	216
1913	250
1913	755
1913	213
1913	1235
1913	219
1913	215
1913	283
1913	249
1913	187
1913	593
1913	263
1913	257
1913	450
1913	1685
1913	289
1913	205
1913	451
1913	196
1913	258
1913	259
1913	1350
1913	186
1913	281
1913	371
1913	576
1913	380
1913	305
1913	313
1913	248
1913	217
1913	228
1913	570
1913	704
1913	1147
1913	785
1913	640
1913	835
1913	1153
1913	348
1913	1199
1913	1040
1913	1206
1913	1634
1913	202
1913	457
1913	306
1913	276
1913	241
1913	240
1913	1057
1913	1547
1913	748
1913	356
1913	114
1913	29
1913	991
1913	300
1913	57
1913	996
1913	1289
1913	1312
1913	796
1913	319
1913	812
1913	352
1913	59
1913	296
1913	266
1913	354
1913	282
1913	378
1913	415
1913	325
1913	486
1913	198
1913	897
1913	644
1913	297
1913	533
1913	899
1913	891
1913	804
1913	38
1913	665
1913	993
1913	377
1913	1220
1913	582
1913	326
1913	122
1913	1522
1913	234
1913	1219
1913	645
1913	1281
1913	1386
1913	233
1913	563
1913	245
1913	427
1913	534
1913	246
1913	660
1913	214
1913	1086
1913	1288
1914	358
1914	1205
1914	275
1914	271
1914	187
1914	1685
1914	1694
1914	1621
1914	1611
1914	270
1914	1776
1914	1446
1914	928
1915	358
1915	1205
1915	275
1915	271
1915	187
1915	1685
1915	1694
1915	1621
1915	1611
1915	270
1915	1776
1915	1446
1915	928
1916	358
1916	1205
1916	275
1916	271
1916	187
1916	1685
1916	1694
1916	1621
1916	1611
1916	270
1916	1776
1916	1446
1916	928
1917	358
1917	1205
1917	275
1917	271
1917	187
1917	1685
1917	1694
1917	1621
1917	1611
1917	270
1917	1776
1917	1446
1917	928
1918	312
1919	312
1920	312
1921	953
1921	33
1921	1054
1921	787
1922	953
1922	33
1922	1054
1922	787
1923	349
1923	292
1924	312
1925	312
1926	271
1926	312
1926	363
1926	313
1927	270
1928	173
1929	173
1930	173
1931	173
1932	173
1933	557
1933	278
1933	423
1933	1205
1933	983
1933	403
1933	267
1933	714
1933	271
1933	253
1933	1204
1933	299
1933	27
1933	338
1933	218
1933	216
1933	755
1933	213
1933	1235
1933	219
1933	280
1933	283
1933	249
1933	187
1933	593
1933	263
1933	450
1933	1685
1933	289
1933	451
1933	196
1933	258
1933	259
1933	1350
1933	186
1933	281
1933	371
1933	576
1933	305
1933	313
1933	248
1933	217
1933	228
1933	570
1933	704
1933	1147
1933	785
1933	640
1933	835
1933	1153
1933	1199
1933	1040
1933	1206
1933	1634
1933	457
1933	306
1933	276
1933	1057
1933	748
1933	356
1933	29
1933	991
1933	300
1933	57
1933	996
1933	1289
1933	1312
1933	796
1933	319
1933	812
1933	352
1933	59
1933	266
1933	282
1933	415
1933	486
1933	897
1933	644
1933	891
1933	38
1933	665
1933	993
1933	1220
1933	645
1933	1281
1933	1386
1933	233
1933	660
1933	214
1933	1086
1933	1288
1933	291
1933	273
1933	295
1933	197
1933	943
1933	1250
1934	540
1934	1217
1934	290
1934	292
1935	540
1935	1217
1935	290
1935	292
1936	540
1936	1217
1936	290
1936	292
1937	540
1937	1217
1937	290
1937	292
1938	540
1938	1217
1938	290
1938	292
1939	540
1939	1217
1939	290
1939	292
1940	540
1940	1217
1940	290
1940	292
1941	127
1942	1656
1943	467
1943	349
1943	292
1944	292
1945	290
1945	292
1946	918
1946	503
1946	437
1946	587
1946	65
1947	919
1947	816
1947	1004
1948	290
1948	292
1949	560
1949	1000
1949	869
1949	1014
1949	845
1949	1436
1949	622
1949	1001
1949	778
1949	36
1949	1207
1949	1536
1949	623
1949	1670
1949	23
1949	1839
1950	560
1950	1000
1950	869
1950	1014
1950	845
1950	1436
1950	622
1950	1001
1950	778
1950	36
1950	1207
1950	1536
1950	623
1950	1670
1950	23
1950	1839
1951	560
1951	1000
1951	869
1951	1014
1951	845
1951	1436
1951	622
1951	1001
1951	778
1951	36
1951	1207
1951	1536
1951	623
1951	1670
1951	23
1951	1839
1952	304
1952	1448
1952	1433
1953	726
1953	1243
1954	1696
1955	447
1955	902
1955	480
1955	564
1955	590
1955	1254
1956	1205
1957	303
1957	193
1957	342
1957	1282
1957	1309
1957	100
1957	1100
1957	1361
1957	963
1957	1409
1957	449
1957	960
1957	961
1957	1079
1957	1091
1958	716
1959	682
1959	695
1959	499
1959	699
1960	480
1961	1447
1962	529
1963	467
1963	1597
1964	827
1964	879
1964	828
1964	860
1965	523
1966	292
1967	317
1967	1033
1968	1205
1968	270
1968	1845
1970	901
1970	617
1970	682
1970	499
1970	699
1970	395
1971	278
1971	1588